<?xml version="1.0" encoding="utf-8"?>
<COLLADA xmlns="http://www.collada.org/2005/11/COLLADASchema" version="1.4.1">
  <asset>
    <contributor>
      <author>Blender User</author>
      <authoring_tool>Blender 2.77.0 commit date:2016-04-05, commit time:18:12, hash:abf6f08</authoring_tool>
    </contributor>
    <created>2017-05-20T20:16:45</created>
    <modified>2017-05-20T20:16:45</modified>
    <unit name="meter" meter="1"/>
    <up_axis>Z_UP</up_axis>
  </asset>
  <library_images/>
  <library_effects/>
  <library_animations>
    <animation id="Armature_Root_pose_matrix">
      <source id="Armature_Root_pose_matrix-input">
        <float_array id="Armature_Root_pose_matrix-input-array" count="3">0 0.375 0.75</float_array>
        <technique_common>
          <accessor source="#Armature_Root_pose_matrix-input-array" count="3" stride="1">
            <param name="TIME" type="float"/>
          </accessor>
        </technique_common>
      </source>
      <source id="Armature_Root_pose_matrix-output">
        <float_array id="Armature_Root_pose_matrix-output-array" count="48">0.9976624 -0.06743652 -0.01103911 0.09930563 -0.01886623 -0.1165576 -0.9930047 0.2135772 0.0656781 0.9908919 -0.1175574 2.129803 0 0 0 1 0.9976624 -0.06743652 -0.01103911 0.09930563 -0.01886623 -0.1165576 -0.9930047 0.2135772 0.0656781 0.9908919 -0.1175574 2.129803 0 0 0 1 0.9976624 -0.06743652 -0.01103911 0.09930563 -0.01886623 -0.1165576 -0.9930047 0.2135772 0.0656781 0.9908919 -0.1175574 2.129803 0 0 0 1</float_array>
        <technique_common>
          <accessor source="#Armature_Root_pose_matrix-output-array" count="3" stride="16">
            <param name="TRANSFORM" type="float4x4"/>
          </accessor>
        </technique_common>
      </source>
      <source id="Armature_Root_pose_matrix-interpolation">
        <Name_array id="Armature_Root_pose_matrix-interpolation-array" count="3">LINEAR LINEAR LINEAR</Name_array>
        <technique_common>
          <accessor source="#Armature_Root_pose_matrix-interpolation-array" count="3" stride="1">
            <param name="INTERPOLATION" type="name"/>
          </accessor>
        </technique_common>
      </source>
      <sampler id="Armature_Root_pose_matrix-sampler">
        <input semantic="INPUT" source="#Armature_Root_pose_matrix-input"/>
        <input semantic="OUTPUT" source="#Armature_Root_pose_matrix-output"/>
        <input semantic="INTERPOLATION" source="#Armature_Root_pose_matrix-interpolation"/>
      </sampler>
      <channel source="#Armature_Root_pose_matrix-sampler" target="Root/transform"/>
    </animation>
    <animation id="Armature_FrontRightLeg_pose_matrix">
      <source id="Armature_FrontRightLeg_pose_matrix-input">
        <float_array id="Armature_FrontRightLeg_pose_matrix-input-array" count="3">0 0.375 0.75</float_array>
        <technique_common>
          <accessor source="#Armature_FrontRightLeg_pose_matrix-input-array" count="3" stride="1">
            <param name="TIME" type="float"/>
          </accessor>
        </technique_common>
      </source>
      <source id="Armature_FrontRightLeg_pose_matrix-output">
        <float_array id="Armature_FrontRightLeg_pose_matrix-output-array" count="48">0.2139945 -0.6792213 -0.7020431 -0.7586613 -0.0176046 0.7158935 -0.6979874 0.8494153 0.976676 0.1617247 0.14124 0.3675505 0 0 0 1 -0.08033077 -0.7939558 0.602645 -0.7669868 0.09792598 -0.6079602 -0.7879053 0.7287238 0.9919461 -0.004278369 0.1265868 0.352411 0 0 0 1 0.2139945 -0.6792213 -0.7020431 -0.7586613 -0.0176046 0.7158935 -0.6979874 0.8494153 0.976676 0.1617247 0.14124 0.3675505 0 0 0 1</float_array>
        <technique_common>
          <accessor source="#Armature_FrontRightLeg_pose_matrix-output-array" count="3" stride="16">
            <param name="TRANSFORM" type="float4x4"/>
          </accessor>
        </technique_common>
      </source>
      <source id="Armature_FrontRightLeg_pose_matrix-interpolation">
        <Name_array id="Armature_FrontRightLeg_pose_matrix-interpolation-array" count="3">LINEAR LINEAR LINEAR</Name_array>
        <technique_common>
          <accessor source="#Armature_FrontRightLeg_pose_matrix-interpolation-array" count="3" stride="1">
            <param name="INTERPOLATION" type="name"/>
          </accessor>
        </technique_common>
      </source>
      <sampler id="Armature_FrontRightLeg_pose_matrix-sampler">
        <input semantic="INPUT" source="#Armature_FrontRightLeg_pose_matrix-input"/>
        <input semantic="OUTPUT" source="#Armature_FrontRightLeg_pose_matrix-output"/>
        <input semantic="INTERPOLATION" source="#Armature_FrontRightLeg_pose_matrix-interpolation"/>
      </sampler>
      <channel source="#Armature_FrontRightLeg_pose_matrix-sampler" target="FrontRightLeg/transform"/>
    </animation>
    <animation id="Armature_FrontRightFoot_pose_matrix">
      <source id="Armature_FrontRightFoot_pose_matrix-input">
        <float_array id="Armature_FrontRightFoot_pose_matrix-input-array" count="3">0 0.375 0.75</float_array>
        <technique_common>
          <accessor source="#Armature_FrontRightFoot_pose_matrix-input-array" count="3" stride="1">
            <param name="TIME" type="float"/>
          </accessor>
        </technique_common>
      </source>
      <source id="Armature_FrontRightFoot_pose_matrix-output">
        <float_array id="Armature_FrontRightFoot_pose_matrix-output-array" count="48">0.4936756 -0.02252064 -0.8693545 -5.96046e-8 0.4422486 0.8672519 0.2286712 0.5158536 0.7487994 -0.4973602 0.4381008 -1.19209e-7 0 0 0 1 0.558758 -0.2712455 -0.7837188 -5.96046e-8 -0.3983559 0.7410662 -0.540494 0.5158536 0.7273941 0.6142044 0.3060244 -1.19209e-7 0 0 0 1 0.4936756 -0.02252064 -0.8693545 -5.96046e-8 0.4422486 0.8672519 0.2286712 0.5158536 0.7487994 -0.4973602 0.4381008 -1.19209e-7 0 0 0 1</float_array>
        <technique_common>
          <accessor source="#Armature_FrontRightFoot_pose_matrix-output-array" count="3" stride="16">
            <param name="TRANSFORM" type="float4x4"/>
          </accessor>
        </technique_common>
      </source>
      <source id="Armature_FrontRightFoot_pose_matrix-interpolation">
        <Name_array id="Armature_FrontRightFoot_pose_matrix-interpolation-array" count="3">LINEAR LINEAR LINEAR</Name_array>
        <technique_common>
          <accessor source="#Armature_FrontRightFoot_pose_matrix-interpolation-array" count="3" stride="1">
            <param name="INTERPOLATION" type="name"/>
          </accessor>
        </technique_common>
      </source>
      <sampler id="Armature_FrontRightFoot_pose_matrix-sampler">
        <input semantic="INPUT" source="#Armature_FrontRightFoot_pose_matrix-input"/>
        <input semantic="OUTPUT" source="#Armature_FrontRightFoot_pose_matrix-output"/>
        <input semantic="INTERPOLATION" source="#Armature_FrontRightFoot_pose_matrix-interpolation"/>
      </sampler>
      <channel source="#Armature_FrontRightFoot_pose_matrix-sampler" target="FrontRightFoot/transform"/>
    </animation>
    <animation id="Armature_FrontLeftLeg_pose_matrix">
      <source id="Armature_FrontLeftLeg_pose_matrix-input">
        <float_array id="Armature_FrontLeftLeg_pose_matrix-input-array" count="3">0 0.375 0.75</float_array>
        <technique_common>
          <accessor source="#Armature_FrontLeftLeg_pose_matrix-input-array" count="3" stride="1">
            <param name="TIME" type="float"/>
          </accessor>
        </technique_common>
      </source>
      <source id="Armature_FrontLeftLeg_pose_matrix-output">
        <float_array id="Armature_FrontLeftLeg_pose_matrix-output-array" count="48">0.5660131 0.7570893 -0.3262592 0.8214812 -0.7056143 0.6495574 0.2831674 0.7130926 0.426307 0.06993663 0.901871 0.3941296 0 0 0 1 -0.6075463 0.7010688 0.3733497 0.8131556 -0.6649451 -0.7060184 0.2436923 0.5924013 0.4344369 -0.1002027 0.8951113 0.3789901 0 0 0 1 0.5660131 0.7570893 -0.3262592 0.8214812 -0.7056143 0.6495574 0.2831674 0.7130926 0.426307 0.06993663 0.901871 0.3941296 0 0 0 1</float_array>
        <technique_common>
          <accessor source="#Armature_FrontLeftLeg_pose_matrix-output-array" count="3" stride="16">
            <param name="TRANSFORM" type="float4x4"/>
          </accessor>
        </technique_common>
      </source>
      <source id="Armature_FrontLeftLeg_pose_matrix-interpolation">
        <Name_array id="Armature_FrontLeftLeg_pose_matrix-interpolation-array" count="3">LINEAR LINEAR LINEAR</Name_array>
        <technique_common>
          <accessor source="#Armature_FrontLeftLeg_pose_matrix-interpolation-array" count="3" stride="1">
            <param name="INTERPOLATION" type="name"/>
          </accessor>
        </technique_common>
      </source>
      <sampler id="Armature_FrontLeftLeg_pose_matrix-sampler">
        <input semantic="INPUT" source="#Armature_FrontLeftLeg_pose_matrix-input"/>
        <input semantic="OUTPUT" source="#Armature_FrontLeftLeg_pose_matrix-output"/>
        <input semantic="INTERPOLATION" source="#Armature_FrontLeftLeg_pose_matrix-interpolation"/>
      </sampler>
      <channel source="#Armature_FrontLeftLeg_pose_matrix-sampler" target="FrontLeftLeg/transform"/>
    </animation>
    <animation id="Armature_FrontLeftFoot_pose_matrix">
      <source id="Armature_FrontLeftFoot_pose_matrix-input">
        <float_array id="Armature_FrontLeftFoot_pose_matrix-input-array" count="3">0 0.375 0.75</float_array>
        <technique_common>
          <accessor source="#Armature_FrontLeftFoot_pose_matrix-input-array" count="3" stride="1">
            <param name="TIME" type="float"/>
          </accessor>
        </technique_common>
      </source>
      <source id="Armature_FrontLeftFoot_pose_matrix-output">
        <float_array id="Armature_FrontLeftFoot_pose_matrix-output-array" count="48">-0.1733763 -0.4831924 0.8581757 2.38419e-7 0.2239802 0.8291932 0.5121245 0.5518808 -0.9590483 0.2810045 -0.03553691 -8.9407e-8 0 0 0 1 -0.1921782 0.4904901 0.8499922 2.38419e-7 -0.2343345 0.8181459 -0.5250948 0.5518808 -0.9529716 -0.3000944 -0.04229099 -8.9407e-8 0 0 0 1 -0.1733763 -0.4831924 0.8581757 2.38419e-7 0.2239802 0.8291932 0.5121245 0.5518808 -0.9590483 0.2810045 -0.03553691 -8.9407e-8 0 0 0 1</float_array>
        <technique_common>
          <accessor source="#Armature_FrontLeftFoot_pose_matrix-output-array" count="3" stride="16">
            <param name="TRANSFORM" type="float4x4"/>
          </accessor>
        </technique_common>
      </source>
      <source id="Armature_FrontLeftFoot_pose_matrix-interpolation">
        <Name_array id="Armature_FrontLeftFoot_pose_matrix-interpolation-array" count="3">LINEAR LINEAR LINEAR</Name_array>
        <technique_common>
          <accessor source="#Armature_FrontLeftFoot_pose_matrix-interpolation-array" count="3" stride="1">
            <param name="INTERPOLATION" type="name"/>
          </accessor>
        </technique_common>
      </source>
      <sampler id="Armature_FrontLeftFoot_pose_matrix-sampler">
        <input semantic="INPUT" source="#Armature_FrontLeftFoot_pose_matrix-input"/>
        <input semantic="OUTPUT" source="#Armature_FrontLeftFoot_pose_matrix-output"/>
        <input semantic="INTERPOLATION" source="#Armature_FrontLeftFoot_pose_matrix-interpolation"/>
      </sampler>
      <channel source="#Armature_FrontLeftFoot_pose_matrix-sampler" target="FrontLeftFoot/transform"/>
    </animation>
    <animation id="Armature_Head_pose_matrix">
      <source id="Armature_Head_pose_matrix-input">
        <float_array id="Armature_Head_pose_matrix-input-array" count="3">0 0.375 0.75</float_array>
        <technique_common>
          <accessor source="#Armature_Head_pose_matrix-input-array" count="3" stride="1">
            <param name="TIME" type="float"/>
          </accessor>
        </technique_common>
      </source>
      <source id="Armature_Head_pose_matrix-output">
        <float_array id="Armature_Head_pose_matrix-output-array" count="48">0.9336898 -2.69623e-4 -0.3580828 -1.49012e-8 -0.3578637 -0.03569049 -0.9330915 0.627548 -0.01252856 0.9993629 -0.03342053 0 0 0 0 1 0.9334787 -0.007097779 -0.3585628 -1.49012e-8 -0.3561707 -0.1353055 -0.9245728 0.627548 -0.04195309 0.9907786 -0.128833 0 0 0 0 1 0.9336898 -2.69623e-4 -0.3580828 -1.49012e-8 -0.3578637 -0.03569049 -0.9330915 0.627548 -0.01252856 0.9993629 -0.03342053 0 0 0 0 1</float_array>
        <technique_common>
          <accessor source="#Armature_Head_pose_matrix-output-array" count="3" stride="16">
            <param name="TRANSFORM" type="float4x4"/>
          </accessor>
        </technique_common>
      </source>
      <source id="Armature_Head_pose_matrix-interpolation">
        <Name_array id="Armature_Head_pose_matrix-interpolation-array" count="3">LINEAR LINEAR LINEAR</Name_array>
        <technique_common>
          <accessor source="#Armature_Head_pose_matrix-interpolation-array" count="3" stride="1">
            <param name="INTERPOLATION" type="name"/>
          </accessor>
        </technique_common>
      </source>
      <sampler id="Armature_Head_pose_matrix-sampler">
        <input semantic="INPUT" source="#Armature_Head_pose_matrix-input"/>
        <input semantic="OUTPUT" source="#Armature_Head_pose_matrix-output"/>
        <input semantic="INTERPOLATION" source="#Armature_Head_pose_matrix-interpolation"/>
      </sampler>
      <channel source="#Armature_Head_pose_matrix-sampler" target="Head/transform"/>
    </animation>
    <animation id="Armature_Root_001_pose_matrix">
      <source id="Armature_Root_001_pose_matrix-input">
        <float_array id="Armature_Root_001_pose_matrix-input-array" count="3">0 0.375 0.75</float_array>
        <technique_common>
          <accessor source="#Armature_Root_001_pose_matrix-input-array" count="3" stride="1">
            <param name="TIME" type="float"/>
          </accessor>
        </technique_common>
      </source>
      <source id="Armature_Root_001_pose_matrix-output">
        <float_array id="Armature_Root_001_pose_matrix-output-array" count="48">0.9975197 -0.02536006 0.06566019 -1.49012e-8 -0.06421156 0.05423938 0.9964612 0.627548 -0.02883169 -0.9982058 0.05247651 0 0 0 0 1 0.9976574 -0.01773619 0.06606854 -1.49012e-8 -0.06225096 0.1650501 0.9843187 0.627548 -0.02836269 -0.9861256 0.1635595 0 0 0 0 1 0.9975197 -0.02536006 0.06566019 -1.49012e-8 -0.06421156 0.05423938 0.9964612 0.627548 -0.02883169 -0.9982058 0.05247651 0 0 0 0 1</float_array>
        <technique_common>
          <accessor source="#Armature_Root_001_pose_matrix-output-array" count="3" stride="16">
            <param name="TRANSFORM" type="float4x4"/>
          </accessor>
        </technique_common>
      </source>
      <source id="Armature_Root_001_pose_matrix-interpolation">
        <Name_array id="Armature_Root_001_pose_matrix-interpolation-array" count="3">LINEAR LINEAR LINEAR</Name_array>
        <technique_common>
          <accessor source="#Armature_Root_001_pose_matrix-interpolation-array" count="3" stride="1">
            <param name="INTERPOLATION" type="name"/>
          </accessor>
        </technique_common>
      </source>
      <sampler id="Armature_Root_001_pose_matrix-sampler">
        <input semantic="INPUT" source="#Armature_Root_001_pose_matrix-input"/>
        <input semantic="OUTPUT" source="#Armature_Root_001_pose_matrix-output"/>
        <input semantic="INTERPOLATION" source="#Armature_Root_001_pose_matrix-interpolation"/>
      </sampler>
      <channel source="#Armature_Root_001_pose_matrix-sampler" target="Root_001/transform"/>
    </animation>
  </library_animations>
  <library_controllers/>
  <library_visual_scenes>
    <visual_scene id="Scene" name="Scene">
      <node id="Armature" name="Armature" type="NODE">
        <translate sid="location">0 0 1.19209e-7</translate>
        <rotate sid="rotationZ">0 0 1 0</rotate>
        <rotate sid="rotationY">0 1 0 0</rotate>
        <rotate sid="rotationX">1 0 0 0</rotate>
        <scale sid="scale">1 1 1</scale>
        <node id="Root" name="Root" sid="Root" type="JOINT">
          <matrix sid="transform">0.9976625 -0.06743652 -0.01103911 0.09930563 -0.00255388 0.124637 -0.9921991 0.2135772 0.06828634 0.989908 0.1241734 2.129803 0 0 0 1</matrix>
          <node id="FrontRightLeg" name="FrontRightLeg" sid="FrontRightLeg" type="JOINT">
            <matrix sid="transform">0.2139945 -0.6792213 -0.7020431 -0.7586612 -0.01760457 0.7158935 -0.6979874 0.8494155 0.9766761 0.1617247 0.14124 0.3675505 0 0 0 1</matrix>
            <node id="FrontRightFoot" name="FrontRightFoot" sid="FrontRightFoot" type="JOINT">
              <matrix sid="transform">0.492609 -0.1464288 -0.8578432 1.49012e-8 0.07345742 0.9892211 -0.126672 0.5158539 0.8671449 -6.15448e-4 0.4980555 1.19209e-7 0 0 0 1</matrix>
            </node>
          </node>
          <node id="FrontLeftLeg" name="FrontLeftLeg" sid="FrontLeftLeg" type="JOINT">
            <matrix sid="transform">0.5660131 0.7570892 -0.3262591 0.8214812 -0.7056143 0.6495574 0.2831674 0.713093 0.426307 0.06993666 0.901871 0.3941296 0 0 0 1</matrix>
            <node id="FrontLeftFoot" name="FrontLeftFoot" sid="FrontLeftFoot" type="JOINT">
              <matrix sid="transform">-0.1225765 -0.1110374 0.9862281 0 0.04701564 0.9919566 0.1175257 0.5518813 -0.9913448 0.06077403 -0.1163701 5.96046e-8 0 0 0 1</matrix>
            </node>
          </node>
          <node id="Head" name="Head" sid="Head" type="JOINT">
            <matrix sid="transform">0.9336553 -0.001050446 -0.3581711 -1.49012e-8 -0.357819 -0.04716454 -0.9325991 0.627548 -0.01591334 0.9988866 -0.04441151 4.84288e-8 0 0 0 1</matrix>
          </node>
          <node id="Root_001" name="Root.001" sid="Root_001" type="JOINT">
            <matrix sid="transform">0.9975196 -0.02536006 0.06566016 -1.49012e-8 -0.06421157 0.05423936 0.9964612 0.627548 -0.02883169 -0.9982059 0.05247653 4.84288e-8 0 0 0 1</matrix>
          </node>
        </node>
      </node>
    </visual_scene>
  </library_visual_scenes>
  <scene>
    <instance_visual_scene url="#Scene"/>
  </scene>
</COLLADA>