<?xml version="1.0" encoding="utf-8"?>
<COLLADA xmlns="http://www.collada.org/2005/11/COLLADASchema" version="1.4.1">
  <asset>
    <contributor>
      <author>Blender User</author>
      <authoring_tool>Blender 2.77.0 commit date:2016-04-05, commit time:18:12, hash:abf6f08</authoring_tool>
    </contributor>
    <created>2017-05-19T17:06:59</created>
    <modified>2017-05-19T17:06:59</modified>
    <unit name="meter" meter="1"/>
    <up_axis>Z_UP</up_axis>
  </asset>
  <library_images/>
  <library_animations>
    <animation id="Armature_Root_pose_matrix">
      <source id="Armature_Root_pose_matrix-input">
        <float_array id="Armature_Root_pose_matrix-input-array" count="4">0 0.2083333 0.4166666 0.5833333</float_array>
        <technique_common>
          <accessor source="#Armature_Root_pose_matrix-input-array" count="4" stride="1">
            <param name="TIME" type="float"/>
          </accessor>
        </technique_common>
      </source>
      <source id="Armature_Root_pose_matrix-output">
        <float_array id="Armature_Root_pose_matrix-output-array" count="64">0.9953227 0.005029609 0.09647546 0.03151637 0.006035495 -0.9999306 -0.01013941 0.5806497 0.09641669 0.01067267 -0.9952912 1.287016 0 0 0 1 0.9953226 0.005029442 0.09647553 0.03151637 0.02485808 -0.9783508 -0.2054558 0.2641099 0.09335252 0.2068929 -0.9739073 1.287016 0 0 0 1 0.9953227 0.005029545 0.09647549 0.03151637 0.01369002 -0.995909 -0.08932032 0.1275732 0.0956305 0.09022227 -0.9913272 1.287016 0 0 0 1 0.9953227 0.005029412 0.09647544 0.03151637 0.02670307 -0.9740589 -0.2247144 0.5806497 0.09284151 0.2262396 -0.9696447 1.287016 0 0 0 1</float_array>
        <technique_common>
          <accessor source="#Armature_Root_pose_matrix-output-array" count="4" stride="16">
            <param name="TRANSFORM" type="float4x4"/>
          </accessor>
        </technique_common>
      </source>
      <source id="Armature_Root_pose_matrix-interpolation">
        <Name_array id="Armature_Root_pose_matrix-interpolation-array" count="4">LINEAR LINEAR LINEAR LINEAR</Name_array>
        <technique_common>
          <accessor source="#Armature_Root_pose_matrix-interpolation-array" count="4" stride="1">
            <param name="INTERPOLATION" type="name"/>
          </accessor>
        </technique_common>
      </source>
      <sampler id="Armature_Root_pose_matrix-sampler">
        <input semantic="INPUT" source="#Armature_Root_pose_matrix-input"/>
        <input semantic="OUTPUT" source="#Armature_Root_pose_matrix-output"/>
        <input semantic="INTERPOLATION" source="#Armature_Root_pose_matrix-interpolation"/>
      </sampler>
      <channel source="#Armature_Root_pose_matrix-sampler" target="Root/transform"/>
    </animation>
    <animation id="Armature_BackRightLeg_pose_matrix">
      <source id="Armature_BackRightLeg_pose_matrix-input">
        <float_array id="Armature_BackRightLeg_pose_matrix-input-array" count="4">0 0.2083333 0.4166666 0.5833333</float_array>
        <technique_common>
          <accessor source="#Armature_BackRightLeg_pose_matrix-input-array" count="4" stride="1">
            <param name="TIME" type="float"/>
          </accessor>
        </technique_common>
      </source>
      <source id="Armature_BackRightLeg_pose_matrix-output">
        <float_array id="Armature_BackRightLeg_pose_matrix-output-array" count="64">0.9420277 -0.2694688 0.199926 -0.490572 0.06360726 -0.4416202 -0.8949445 0.05914401 0.329451 0.8557792 -0.3988783 0.2263188 0 0 0 1 0.9887508 -0.04220574 0.1434933 -0.490572 0.1475672 0.1187338 -0.9818993 0.05914401 0.02440425 0.9920287 0.1236263 0.2263188 0 0 0 1 0.9807532 0.0653106 0.1840044 -0.490572 0.1937821 -0.2101925 -0.9582629 0.05914401 -0.02390839 0.975476 -0.218803 0.2263188 0 0 0 1 0.9779502 -0.1210349 0.1701878 -0.490572 0.07235848 -0.5680678 -0.8197945 0.05914401 0.1959019 0.8140328 -0.5467842 0.2263188 0 0 0 1</float_array>
        <technique_common>
          <accessor source="#Armature_BackRightLeg_pose_matrix-output-array" count="4" stride="16">
            <param name="TRANSFORM" type="float4x4"/>
          </accessor>
        </technique_common>
      </source>
      <source id="Armature_BackRightLeg_pose_matrix-interpolation">
        <Name_array id="Armature_BackRightLeg_pose_matrix-interpolation-array" count="4">LINEAR LINEAR LINEAR LINEAR</Name_array>
        <technique_common>
          <accessor source="#Armature_BackRightLeg_pose_matrix-interpolation-array" count="4" stride="1">
            <param name="INTERPOLATION" type="name"/>
          </accessor>
        </technique_common>
      </source>
      <sampler id="Armature_BackRightLeg_pose_matrix-sampler">
        <input semantic="INPUT" source="#Armature_BackRightLeg_pose_matrix-input"/>
        <input semantic="OUTPUT" source="#Armature_BackRightLeg_pose_matrix-output"/>
        <input semantic="INTERPOLATION" source="#Armature_BackRightLeg_pose_matrix-interpolation"/>
      </sampler>
      <channel source="#Armature_BackRightLeg_pose_matrix-sampler" target="BackRightLeg/transform"/>
    </animation>
    <animation id="Armature_BackRightKnee_pose_matrix">
      <source id="Armature_BackRightKnee_pose_matrix-input">
        <float_array id="Armature_BackRightKnee_pose_matrix-input-array" count="4">0 0.2083333 0.4166666 0.5833333</float_array>
        <technique_common>
          <accessor source="#Armature_BackRightKnee_pose_matrix-input-array" count="4" stride="1">
            <param name="TIME" type="float"/>
          </accessor>
        </technique_common>
      </source>
      <source id="Armature_BackRightKnee_pose_matrix-output">
        <float_array id="Armature_BackRightKnee_pose_matrix-output-array" count="64">0.9994551 0.03276293 -0.004016948 0 -0.02909838 0.9319711 0.3613625 0.5318285 0.015583 -0.3610487 0.9324167 5.96046e-8 0 0 0 1 0.9936191 -0.1068816 -0.0360192 0 0.04931005 0.6988732 -0.7135438 0.5318285 0.1014376 0.7072147 0.6996841 5.96046e-8 0 0 0 1 0.9865189 -0.08145031 -0.1419382 0 0.02543145 0.9331064 -0.3586996 0.5318285 0.1616597 0.3502544 0.9225986 5.96046e-8 0 0 0 1 0.9994551 0.03276293 -0.004016948 0 -0.02909838 0.9319711 0.3613625 0.5318285 0.015583 -0.3610487 0.9324167 5.96046e-8 0 0 0 1</float_array>
        <technique_common>
          <accessor source="#Armature_BackRightKnee_pose_matrix-output-array" count="4" stride="16">
            <param name="TRANSFORM" type="float4x4"/>
          </accessor>
        </technique_common>
      </source>
      <source id="Armature_BackRightKnee_pose_matrix-interpolation">
        <Name_array id="Armature_BackRightKnee_pose_matrix-interpolation-array" count="4">LINEAR LINEAR LINEAR LINEAR</Name_array>
        <technique_common>
          <accessor source="#Armature_BackRightKnee_pose_matrix-interpolation-array" count="4" stride="1">
            <param name="INTERPOLATION" type="name"/>
          </accessor>
        </technique_common>
      </source>
      <sampler id="Armature_BackRightKnee_pose_matrix-sampler">
        <input semantic="INPUT" source="#Armature_BackRightKnee_pose_matrix-input"/>
        <input semantic="OUTPUT" source="#Armature_BackRightKnee_pose_matrix-output"/>
        <input semantic="INTERPOLATION" source="#Armature_BackRightKnee_pose_matrix-interpolation"/>
      </sampler>
      <channel source="#Armature_BackRightKnee_pose_matrix-sampler" target="BackRightKnee/transform"/>
    </animation>
    <animation id="Armature_BackRightFoot_pose_matrix">
      <source id="Armature_BackRightFoot_pose_matrix-input">
        <float_array id="Armature_BackRightFoot_pose_matrix-input-array" count="4">0 0.2083333 0.4166666 0.5833333</float_array>
        <technique_common>
          <accessor source="#Armature_BackRightFoot_pose_matrix-input-array" count="4" stride="1">
            <param name="TIME" type="float"/>
          </accessor>
        </technique_common>
      </source>
      <source id="Armature_BackRightFoot_pose_matrix-output">
        <float_array id="Armature_BackRightFoot_pose_matrix-output-array" count="64">-0.9951555 0.09714161 -0.01512712 0 0.04984026 0.3658646 -0.9293324 0.4327554 -0.08474237 -0.9255841 -0.3689338 0 0 0 0 1 -0.9973669 0.07105601 -0.01449538 0 0.06521937 0.7914666 -0.6077225 0.4327554 -0.03170973 -0.6070676 -0.7940168 0 0 0 0 1 -0.9951555 0.09714161 -0.01512712 0 0.04984026 0.3658646 -0.9293324 0.4327554 -0.08474237 -0.9255841 -0.3689338 0 0 0 0 1 -0.9951555 0.09714161 -0.01512712 0 0.04984026 0.3658646 -0.9293324 0.4327554 -0.08474237 -0.9255841 -0.3689338 0 0 0 0 1</float_array>
        <technique_common>
          <accessor source="#Armature_BackRightFoot_pose_matrix-output-array" count="4" stride="16">
            <param name="TRANSFORM" type="float4x4"/>
          </accessor>
        </technique_common>
      </source>
      <source id="Armature_BackRightFoot_pose_matrix-interpolation">
        <Name_array id="Armature_BackRightFoot_pose_matrix-interpolation-array" count="4">LINEAR LINEAR LINEAR LINEAR</Name_array>
        <technique_common>
          <accessor source="#Armature_BackRightFoot_pose_matrix-interpolation-array" count="4" stride="1">
            <param name="INTERPOLATION" type="name"/>
          </accessor>
        </technique_common>
      </source>
      <sampler id="Armature_BackRightFoot_pose_matrix-sampler">
        <input semantic="INPUT" source="#Armature_BackRightFoot_pose_matrix-input"/>
        <input semantic="OUTPUT" source="#Armature_BackRightFoot_pose_matrix-output"/>
        <input semantic="INTERPOLATION" source="#Armature_BackRightFoot_pose_matrix-interpolation"/>
      </sampler>
      <channel source="#Armature_BackRightFoot_pose_matrix-sampler" target="BackRightFoot/transform"/>
    </animation>
    <animation id="Armature_FrontRightLeg_pose_matrix">
      <source id="Armature_FrontRightLeg_pose_matrix-input">
        <float_array id="Armature_FrontRightLeg_pose_matrix-input-array" count="4">0 0.2083333 0.4166666 0.5833333</float_array>
        <technique_common>
          <accessor source="#Armature_FrontRightLeg_pose_matrix-input-array" count="4" stride="1">
            <param name="TIME" type="float"/>
          </accessor>
        </technique_common>
      </source>
      <source id="Armature_FrontRightLeg_pose_matrix-output">
        <float_array id="Armature_FrontRightLeg_pose_matrix-output-array" count="64">0.9942602 0.03550721 0.1009244 -0.502929 0.06225425 0.5751753 -0.8156579 1.118344 -0.08701093 0.8172593 0.5696633 0.3233207 0 0 0 1 0.9928944 0.02788051 0.1156863 -0.4974422 0.09278234 0.4273542 -0.8993106 1.170611 -0.07451223 0.9036543 0.4217306 0.26399 0 0 0 1 0.9899952 0.02146333 0.1394588 -0.4969411 0.1331464 0.1850583 -0.9736659 1.173081 -0.0467061 0.9824931 0.180349 0.2586907 0 0 0 1 0.9853174 -0.1503057 0.0809804 -0.5073485 0.1015464 0.1346238 -0.9856798 1.059652 0.1372515 0.9794307 0.1479101 0.3719766 0 0 0 1</float_array>
        <technique_common>
          <accessor source="#Armature_FrontRightLeg_pose_matrix-output-array" count="4" stride="16">
            <param name="TRANSFORM" type="float4x4"/>
          </accessor>
        </technique_common>
      </source>
      <source id="Armature_FrontRightLeg_pose_matrix-interpolation">
        <Name_array id="Armature_FrontRightLeg_pose_matrix-interpolation-array" count="4">LINEAR LINEAR LINEAR LINEAR</Name_array>
        <technique_common>
          <accessor source="#Armature_FrontRightLeg_pose_matrix-interpolation-array" count="4" stride="1">
            <param name="INTERPOLATION" type="name"/>
          </accessor>
        </technique_common>
      </source>
      <sampler id="Armature_FrontRightLeg_pose_matrix-sampler">
        <input semantic="INPUT" source="#Armature_FrontRightLeg_pose_matrix-input"/>
        <input semantic="OUTPUT" source="#Armature_FrontRightLeg_pose_matrix-output"/>
        <input semantic="INTERPOLATION" source="#Armature_FrontRightLeg_pose_matrix-interpolation"/>
      </sampler>
      <channel source="#Armature_FrontRightLeg_pose_matrix-sampler" target="FrontRightLeg/transform"/>
    </animation>
    <animation id="Armature_FrontRightKnee_pose_matrix">
      <source id="Armature_FrontRightKnee_pose_matrix-input">
        <float_array id="Armature_FrontRightKnee_pose_matrix-input-array" count="4">0 0.2083333 0.4166666 0.5833333</float_array>
        <technique_common>
          <accessor source="#Armature_FrontRightKnee_pose_matrix-input-array" count="4" stride="1">
            <param name="TIME" type="float"/>
          </accessor>
        </technique_common>
      </source>
      <source id="Armature_FrontRightKnee_pose_matrix-output">
        <float_array id="Armature_FrontRightKnee_pose_matrix-output-array" count="64">0.9993629 0.02117465 0.02873058 2.98023e-8 0.01707047 0.4233623 -0.9057997 0.4919983 -0.03134343 0.9057131 0.422731 5.96046e-8 0 0 0 1 0.999555 0.01983618 0.02227497 2.98023e-8 0.01085545 0.4536572 -0.8911103 0.4919983 -0.02778141 0.8909556 0.4532399 5.96046e-8 0 0 0 1 0.9913808 0.04875519 -0.1216023 2.98023e-8 -0.08517171 0.9451153 -0.3154407 0.4919983 0.0995488 0.323079 0.9411218 5.96046e-8 0 0 0 1 0.9971235 0.06275062 0.04250973 2.98023e-8 -0.04036936 0.9143795 -0.4028405 0.4919983 -0.06414855 0.3999657 0.9142824 5.96046e-8 0 0 0 1</float_array>
        <technique_common>
          <accessor source="#Armature_FrontRightKnee_pose_matrix-output-array" count="4" stride="16">
            <param name="TRANSFORM" type="float4x4"/>
          </accessor>
        </technique_common>
      </source>
      <source id="Armature_FrontRightKnee_pose_matrix-interpolation">
        <Name_array id="Armature_FrontRightKnee_pose_matrix-interpolation-array" count="4">LINEAR LINEAR LINEAR LINEAR</Name_array>
        <technique_common>
          <accessor source="#Armature_FrontRightKnee_pose_matrix-interpolation-array" count="4" stride="1">
            <param name="INTERPOLATION" type="name"/>
          </accessor>
        </technique_common>
      </source>
      <sampler id="Armature_FrontRightKnee_pose_matrix-sampler">
        <input semantic="INPUT" source="#Armature_FrontRightKnee_pose_matrix-input"/>
        <input semantic="OUTPUT" source="#Armature_FrontRightKnee_pose_matrix-output"/>
        <input semantic="INTERPOLATION" source="#Armature_FrontRightKnee_pose_matrix-interpolation"/>
      </sampler>
      <channel source="#Armature_FrontRightKnee_pose_matrix-sampler" target="FrontRightKnee/transform"/>
    </animation>
    <animation id="Armature_FrontRightFoot_pose_matrix">
      <source id="Armature_FrontRightFoot_pose_matrix-input">
        <float_array id="Armature_FrontRightFoot_pose_matrix-input-array" count="4">0 0.2083333 0.4166666 0.5833333</float_array>
        <technique_common>
          <accessor source="#Armature_FrontRightFoot_pose_matrix-input-array" count="4" stride="1">
            <param name="TIME" type="float"/>
          </accessor>
        </technique_common>
      </source>
      <source id="Armature_FrontRightFoot_pose_matrix-output">
        <float_array id="Armature_FrontRightFoot_pose_matrix-output-array" count="64">-0.9880294 0.1221882 0.0941698 -2.98023e-8 -0.04859685 0.3328289 -0.9417341 0.5150357 -0.1464112 -0.9350374 -0.3229068 0 0 0 0 1 -0.9943449 0.07982961 0.07003795 -2.98023e-8 -0.01603535 0.5390788 -0.8421027 0.5150357 -0.1049807 -0.8384638 -0.5347502 0 0 0 0 1 -0.9963717 0.06348685 0.05668101 -2.98023e-8 -0.005134944 0.6199344 -0.7846369 0.5150357 -0.08495259 -0.7820811 -0.6173591 0 0 0 0 1 -0.9880294 0.1221882 0.0941698 -2.98023e-8 -0.04859685 0.3328289 -0.9417341 0.5150357 -0.1464112 -0.9350374 -0.3229068 0 0 0 0 1</float_array>
        <technique_common>
          <accessor source="#Armature_FrontRightFoot_pose_matrix-output-array" count="4" stride="16">
            <param name="TRANSFORM" type="float4x4"/>
          </accessor>
        </technique_common>
      </source>
      <source id="Armature_FrontRightFoot_pose_matrix-interpolation">
        <Name_array id="Armature_FrontRightFoot_pose_matrix-interpolation-array" count="4">LINEAR LINEAR LINEAR LINEAR</Name_array>
        <technique_common>
          <accessor source="#Armature_FrontRightFoot_pose_matrix-interpolation-array" count="4" stride="1">
            <param name="INTERPOLATION" type="name"/>
          </accessor>
        </technique_common>
      </source>
      <sampler id="Armature_FrontRightFoot_pose_matrix-sampler">
        <input semantic="INPUT" source="#Armature_FrontRightFoot_pose_matrix-input"/>
        <input semantic="OUTPUT" source="#Armature_FrontRightFoot_pose_matrix-output"/>
        <input semantic="INTERPOLATION" source="#Armature_FrontRightFoot_pose_matrix-interpolation"/>
      </sampler>
      <channel source="#Armature_FrontRightFoot_pose_matrix-sampler" target="FrontRightFoot/transform"/>
    </animation>
    <animation id="Armature_BackLeftLeg_pose_matrix">
      <source id="Armature_BackLeftLeg_pose_matrix-input">
        <float_array id="Armature_BackLeftLeg_pose_matrix-input-array" count="4">0 0.2083333 0.4166666 0.5833333</float_array>
        <technique_common>
          <accessor source="#Armature_BackLeftLeg_pose_matrix-input-array" count="4" stride="1">
            <param name="TIME" type="float"/>
          </accessor>
        </technique_common>
      </source>
      <source id="Armature_BackLeftLeg_pose_matrix-output">
        <float_array id="Armature_BackLeftLeg_pose_matrix-output-array" count="64">0.7125627 0.0143574 -0.7014613 0.3854567 -0.6234071 -0.4457465 -0.6423967 0.06357078 -0.3218972 0.8950439 -0.3086716 0.3112298 0 0 0 1 0.7166159 0.01794174 -0.6972371 0.3854567 -0.5941921 -0.5077818 -0.6237734 0.06357078 -0.3652361 0.8612987 -0.3532234 0.3112298 0 0 0 1 0.7125627 0.0143574 -0.7014613 0.3854567 -0.6234071 -0.4457465 -0.6423967 0.06357078 -0.3218972 0.8950439 -0.3086716 0.3112298 0 0 0 1 0.7290705 -0.04347236 -0.6830565 0.3854567 -0.5789681 -0.5714325 -0.5816019 0.06357078 -0.3650372 0.8194968 -0.4417833 0.3112298 0 0 0 1</float_array>
        <technique_common>
          <accessor source="#Armature_BackLeftLeg_pose_matrix-output-array" count="4" stride="16">
            <param name="TRANSFORM" type="float4x4"/>
          </accessor>
        </technique_common>
      </source>
      <source id="Armature_BackLeftLeg_pose_matrix-interpolation">
        <Name_array id="Armature_BackLeftLeg_pose_matrix-interpolation-array" count="4">LINEAR LINEAR LINEAR LINEAR</Name_array>
        <technique_common>
          <accessor source="#Armature_BackLeftLeg_pose_matrix-interpolation-array" count="4" stride="1">
            <param name="INTERPOLATION" type="name"/>
          </accessor>
        </technique_common>
      </source>
      <sampler id="Armature_BackLeftLeg_pose_matrix-sampler">
        <input semantic="INPUT" source="#Armature_BackLeftLeg_pose_matrix-input"/>
        <input semantic="OUTPUT" source="#Armature_BackLeftLeg_pose_matrix-output"/>
        <input semantic="INTERPOLATION" source="#Armature_BackLeftLeg_pose_matrix-interpolation"/>
      </sampler>
      <channel source="#Armature_BackLeftLeg_pose_matrix-sampler" target="BackLeftLeg/transform"/>
    </animation>
    <animation id="Armature_BackLeftKnee_pose_matrix">
      <source id="Armature_BackLeftKnee_pose_matrix-input">
        <float_array id="Armature_BackLeftKnee_pose_matrix-input-array" count="4">0 0.2083333 0.4166666 0.5833333</float_array>
        <technique_common>
          <accessor source="#Armature_BackLeftKnee_pose_matrix-input-array" count="4" stride="1">
            <param name="TIME" type="float"/>
          </accessor>
        </technique_common>
      </source>
      <source id="Armature_BackLeftKnee_pose_matrix-output">
        <float_array id="Armature_BackLeftKnee_pose_matrix-output-array" count="64">0.9238408 -0.2489221 0.2907853 0 0.1443522 0.930147 0.3376225 0.5259264 -0.3545149 -0.2699339 0.8952401 -1.49012e-8 0 0 0 1 0.8509288 -0.08501136 0.5183564 0 0.2341784 0.9447194 -0.2294894 0.5259264 -0.4701921 0.316667 0.823797 -1.49012e-8 0 0 0 1 0.8861312 0.2872641 0.3636633 0 -0.1690461 0.9310037 -0.3235049 0.5259264 -0.4315032 0.2251918 0.8735524 -1.49012e-8 0 0 0 1 0.9238408 -0.2489221 0.2907853 0 0.1443522 0.930147 0.3376225 0.5259264 -0.3545149 -0.2699339 0.8952401 -1.49012e-8 0 0 0 1</float_array>
        <technique_common>
          <accessor source="#Armature_BackLeftKnee_pose_matrix-output-array" count="4" stride="16">
            <param name="TRANSFORM" type="float4x4"/>
          </accessor>
        </technique_common>
      </source>
      <source id="Armature_BackLeftKnee_pose_matrix-interpolation">
        <Name_array id="Armature_BackLeftKnee_pose_matrix-interpolation-array" count="4">LINEAR LINEAR LINEAR LINEAR</Name_array>
        <technique_common>
          <accessor source="#Armature_BackLeftKnee_pose_matrix-interpolation-array" count="4" stride="1">
            <param name="INTERPOLATION" type="name"/>
          </accessor>
        </technique_common>
      </source>
      <sampler id="Armature_BackLeftKnee_pose_matrix-sampler">
        <input semantic="INPUT" source="#Armature_BackLeftKnee_pose_matrix-input"/>
        <input semantic="OUTPUT" source="#Armature_BackLeftKnee_pose_matrix-output"/>
        <input semantic="INTERPOLATION" source="#Armature_BackLeftKnee_pose_matrix-interpolation"/>
      </sampler>
      <channel source="#Armature_BackLeftKnee_pose_matrix-sampler" target="BackLeftKnee/transform"/>
    </animation>
    <animation id="Armature_BackLeftFoot_pose_matrix">
      <source id="Armature_BackLeftFoot_pose_matrix-input">
        <float_array id="Armature_BackLeftFoot_pose_matrix-input-array" count="4">0 0.2083333 0.4166666 0.5833333</float_array>
        <technique_common>
          <accessor source="#Armature_BackLeftFoot_pose_matrix-input-array" count="4" stride="1">
            <param name="TIME" type="float"/>
          </accessor>
        </technique_common>
      </source>
      <source id="Armature_BackLeftFoot_pose_matrix-output">
        <float_array id="Armature_BackLeftFoot_pose_matrix-output-array" count="64">-0.8970904 -0.4267186 -0.1146309 -5.96046e-8 -0.05529807 0.3658243 -0.9290397 0.4389726 0.4383731 -0.8270939 -0.3517742 0 0 0 0 1 -0.8970904 -0.4267186 -0.1146309 -5.96046e-8 -0.05529807 0.3658243 -0.9290397 0.4389726 0.4383731 -0.8270939 -0.3517742 0 0 0 0 1 -0.8970904 -0.4267186 -0.1146309 -5.96046e-8 -0.05529807 0.3658243 -0.9290397 0.4389726 0.4383731 -0.8270939 -0.3517742 0 0 0 0 1 -0.8970904 -0.4267186 -0.1146309 -5.96046e-8 -0.05529807 0.3658243 -0.9290397 0.4389726 0.4383731 -0.8270939 -0.3517742 0 0 0 0 1</float_array>
        <technique_common>
          <accessor source="#Armature_BackLeftFoot_pose_matrix-output-array" count="4" stride="16">
            <param name="TRANSFORM" type="float4x4"/>
          </accessor>
        </technique_common>
      </source>
      <source id="Armature_BackLeftFoot_pose_matrix-interpolation">
        <Name_array id="Armature_BackLeftFoot_pose_matrix-interpolation-array" count="4">LINEAR LINEAR LINEAR LINEAR</Name_array>
        <technique_common>
          <accessor source="#Armature_BackLeftFoot_pose_matrix-interpolation-array" count="4" stride="1">
            <param name="INTERPOLATION" type="name"/>
          </accessor>
        </technique_common>
      </source>
      <sampler id="Armature_BackLeftFoot_pose_matrix-sampler">
        <input semantic="INPUT" source="#Armature_BackLeftFoot_pose_matrix-input"/>
        <input semantic="OUTPUT" source="#Armature_BackLeftFoot_pose_matrix-output"/>
        <input semantic="INTERPOLATION" source="#Armature_BackLeftFoot_pose_matrix-interpolation"/>
      </sampler>
      <channel source="#Armature_BackLeftFoot_pose_matrix-sampler" target="BackLeftFoot/transform"/>
    </animation>
    <animation id="Armature_FrontLeftLeg_pose_matrix">
      <source id="Armature_FrontLeftLeg_pose_matrix-input">
        <float_array id="Armature_FrontLeftLeg_pose_matrix-input-array" count="4">0 0.2083333 0.4166666 0.5833333</float_array>
        <technique_common>
          <accessor source="#Armature_FrontLeftLeg_pose_matrix-input-array" count="4" stride="1">
            <param name="TIME" type="float"/>
          </accessor>
        </technique_common>
      </source>
      <source id="Armature_FrontLeftLeg_pose_matrix-output">
        <float_array id="Armature_FrontLeftLeg_pose_matrix-output-array" count="64">-0.6495446 -0.1310731 -0.7489403 0.2946873 -0.7409972 -0.1115501 0.662178 1.122374 -0.1703381 0.9850769 -0.02466813 0.4006314 0 0 0 1 -0.6580004 -0.1322634 -0.741311 0.300174 -0.7484614 0.00674291 0.6631441 1.174642 -0.0827111 0.9911917 -0.1034309 0.3413006 0 0 0 1 -0.6485885 -0.1308511 -0.7498073 0.3006752 -0.7394807 -0.1250015 0.6614702 1.177111 -0.1802812 0.98349 -0.01568747 0.3360014 0 0 0 1 -0.7272122 0.04994413 -0.6845934 0.2902677 -0.6737496 0.1387549 0.7258159 1.063683 0.1312409 0.9890666 -0.06725449 0.4492872 0 0 0 1</float_array>
        <technique_common>
          <accessor source="#Armature_FrontLeftLeg_pose_matrix-output-array" count="4" stride="16">
            <param name="TRANSFORM" type="float4x4"/>
          </accessor>
        </technique_common>
      </source>
      <source id="Armature_FrontLeftLeg_pose_matrix-interpolation">
        <Name_array id="Armature_FrontLeftLeg_pose_matrix-interpolation-array" count="4">LINEAR LINEAR LINEAR LINEAR</Name_array>
        <technique_common>
          <accessor source="#Armature_FrontLeftLeg_pose_matrix-interpolation-array" count="4" stride="1">
            <param name="INTERPOLATION" type="name"/>
          </accessor>
        </technique_common>
      </source>
      <sampler id="Armature_FrontLeftLeg_pose_matrix-sampler">
        <input semantic="INPUT" source="#Armature_FrontLeftLeg_pose_matrix-input"/>
        <input semantic="OUTPUT" source="#Armature_FrontLeftLeg_pose_matrix-output"/>
        <input semantic="INTERPOLATION" source="#Armature_FrontLeftLeg_pose_matrix-interpolation"/>
      </sampler>
      <channel source="#Armature_FrontLeftLeg_pose_matrix-sampler" target="FrontLeftLeg/transform"/>
    </animation>
    <animation id="Armature_FrontLeftKnee_pose_matrix">
      <source id="Armature_FrontLeftKnee_pose_matrix-input">
        <float_array id="Armature_FrontLeftKnee_pose_matrix-input-array" count="4">0 0.2083333 0.4166666 0.5833333</float_array>
        <technique_common>
          <accessor source="#Armature_FrontLeftKnee_pose_matrix-input-array" count="4" stride="1">
            <param name="TIME" type="float"/>
          </accessor>
        </technique_common>
      </source>
      <source id="Armature_FrontLeftKnee_pose_matrix-output">
        <float_array id="Armature_FrontLeftKnee_pose_matrix-output-array" count="64">-0.6418475 0.5206023 0.563032 0 0.08138065 0.7763289 -0.6250525 0.4908348 -0.7625019 -0.3553684 -0.5406517 0 0 0 0 1 -0.5976401 0.7681341 0.2297746 0 0.04661905 0.3193939 -0.9464746 0.4908348 -0.800408 -0.5549393 -0.2266924 0 0 0 0 1 -0.6418475 0.5206023 0.563032 0 0.08138065 0.7763289 -0.6250525 0.4908348 -0.7625019 -0.3553684 -0.5406517 0 0 0 0 1 -0.6304986 0.3727207 0.6808457 0 0.09553294 0.9077575 -0.4084724 0.4908348 -0.7702889 -0.1924979 -0.6079471 0 0 0 0 1</float_array>
        <technique_common>
          <accessor source="#Armature_FrontLeftKnee_pose_matrix-output-array" count="4" stride="16">
            <param name="TRANSFORM" type="float4x4"/>
          </accessor>
        </technique_common>
      </source>
      <source id="Armature_FrontLeftKnee_pose_matrix-interpolation">
        <Name_array id="Armature_FrontLeftKnee_pose_matrix-interpolation-array" count="4">LINEAR LINEAR LINEAR LINEAR</Name_array>
        <technique_common>
          <accessor source="#Armature_FrontLeftKnee_pose_matrix-interpolation-array" count="4" stride="1">
            <param name="INTERPOLATION" type="name"/>
          </accessor>
        </technique_common>
      </source>
      <sampler id="Armature_FrontLeftKnee_pose_matrix-sampler">
        <input semantic="INPUT" source="#Armature_FrontLeftKnee_pose_matrix-input"/>
        <input semantic="OUTPUT" source="#Armature_FrontLeftKnee_pose_matrix-output"/>
        <input semantic="INTERPOLATION" source="#Armature_FrontLeftKnee_pose_matrix-interpolation"/>
      </sampler>
      <channel source="#Armature_FrontLeftKnee_pose_matrix-sampler" target="FrontLeftKnee/transform"/>
    </animation>
    <animation id="Armature_FrontLeftFoot_pose_matrix">
      <source id="Armature_FrontLeftFoot_pose_matrix-input">
        <float_array id="Armature_FrontLeftFoot_pose_matrix-input-array" count="4">0 0.2083333 0.4166666 0.5833333</float_array>
        <technique_common>
          <accessor source="#Armature_FrontLeftFoot_pose_matrix-input-array" count="4" stride="1">
            <param name="TIME" type="float"/>
          </accessor>
        </technique_common>
      </source>
      <source id="Armature_FrontLeftFoot_pose_matrix-output">
        <float_array id="Armature_FrontLeftFoot_pose_matrix-output-array" count="64">-0.9915011 -0.1218886 -0.04548267 2.98023e-8 0.002224837 0.3336661 -0.9426887 0.5205073 0.130079 -0.9347782 -0.3305592 0 0 0 0 1 -0.9915011 -0.1218886 -0.04548267 2.98023e-8 0.002224837 0.3336661 -0.9426887 0.5205073 0.130079 -0.9347782 -0.3305592 0 0 0 0 1 -0.9915011 -0.1218886 -0.04548267 2.98023e-8 0.002224837 0.3336661 -0.9426887 0.5205073 0.130079 -0.9347782 -0.3305592 0 0 0 0 1 -0.9915011 -0.1218886 -0.04548267 2.98023e-8 0.002224837 0.3336661 -0.9426887 0.5205073 0.130079 -0.9347782 -0.3305592 0 0 0 0 1</float_array>
        <technique_common>
          <accessor source="#Armature_FrontLeftFoot_pose_matrix-output-array" count="4" stride="16">
            <param name="TRANSFORM" type="float4x4"/>
          </accessor>
        </technique_common>
      </source>
      <source id="Armature_FrontLeftFoot_pose_matrix-interpolation">
        <Name_array id="Armature_FrontLeftFoot_pose_matrix-interpolation-array" count="4">LINEAR LINEAR LINEAR LINEAR</Name_array>
        <technique_common>
          <accessor source="#Armature_FrontLeftFoot_pose_matrix-interpolation-array" count="4" stride="1">
            <param name="INTERPOLATION" type="name"/>
          </accessor>
        </technique_common>
      </source>
      <sampler id="Armature_FrontLeftFoot_pose_matrix-sampler">
        <input semantic="INPUT" source="#Armature_FrontLeftFoot_pose_matrix-input"/>
        <input semantic="OUTPUT" source="#Armature_FrontLeftFoot_pose_matrix-output"/>
        <input semantic="INTERPOLATION" source="#Armature_FrontLeftFoot_pose_matrix-interpolation"/>
      </sampler>
      <channel source="#Armature_FrontLeftFoot_pose_matrix-sampler" target="FrontLeftFoot/transform"/>
    </animation>
    <animation id="Armature_Chest_pose_matrix">
      <source id="Armature_Chest_pose_matrix-input">
        <float_array id="Armature_Chest_pose_matrix-input-array" count="4">0 0.2083333 0.4166666 0.5833333</float_array>
        <technique_common>
          <accessor source="#Armature_Chest_pose_matrix-input-array" count="4" stride="1">
            <param name="TIME" type="float"/>
          </accessor>
        </technique_common>
      </source>
      <source id="Armature_Chest_pose_matrix-output">
        <float_array id="Armature_Chest_pose_matrix-output-array" count="64">-0.9190598 0.04189616 0.3918847 1.49012e-8 0.1281686 0.9720575 0.1966629 0.8254917 -0.3726951 0.2309723 -0.898749 0 0 0 0 1 -0.915488 0.09024816 0.3920927 1.49012e-8 -0.02571466 0.959402 -0.2808666 0.8254917 -0.4015224 -0.2672126 -0.8760005 0 0 0 0 1 -0.8267694 0.4080467 0.3872339 1.49012e-8 0.352949 0.9122863 -0.2077504 0.8254917 -0.4380402 -0.03508788 -0.8982702 0 0 0 0 1 -0.995322 -0.01808433 0.0949052 1.49012e-8 -0.005028521 0.9906902 0.1360407 0.8254917 -0.0964819 0.1349271 -0.9861469 0 0 0 0 1</float_array>
        <technique_common>
          <accessor source="#Armature_Chest_pose_matrix-output-array" count="4" stride="16">
            <param name="TRANSFORM" type="float4x4"/>
          </accessor>
        </technique_common>
      </source>
      <source id="Armature_Chest_pose_matrix-interpolation">
        <Name_array id="Armature_Chest_pose_matrix-interpolation-array" count="4">LINEAR LINEAR LINEAR LINEAR</Name_array>
        <technique_common>
          <accessor source="#Armature_Chest_pose_matrix-interpolation-array" count="4" stride="1">
            <param name="INTERPOLATION" type="name"/>
          </accessor>
        </technique_common>
      </source>
      <sampler id="Armature_Chest_pose_matrix-sampler">
        <input semantic="INPUT" source="#Armature_Chest_pose_matrix-input"/>
        <input semantic="OUTPUT" source="#Armature_Chest_pose_matrix-output"/>
        <input semantic="INTERPOLATION" source="#Armature_Chest_pose_matrix-interpolation"/>
      </sampler>
      <channel source="#Armature_Chest_pose_matrix-sampler" target="Chest/transform"/>
    </animation>
    <animation id="Armature_Head_pose_matrix">
      <source id="Armature_Head_pose_matrix-input">
        <float_array id="Armature_Head_pose_matrix-input-array" count="4">0 0.2083333 0.4166666 0.5833333</float_array>
        <technique_common>
          <accessor source="#Armature_Head_pose_matrix-input-array" count="4" stride="1">
            <param name="TIME" type="float"/>
          </accessor>
        </technique_common>
      </source>
      <source id="Armature_Head_pose_matrix-output">
        <float_array id="Armature_Head_pose_matrix-output-array" count="64">-0.9169912 -0.1061853 0.3845151 0 -0.1899002 0.9638903 -0.1866919 0.8218107 -0.3508063 -0.2442144 -0.9040433 1.19209e-7 0 0 0 1 -0.9112893 -0.2637414 0.3162159 0 -0.3558911 0.8907431 -0.2826989 0.8218107 -0.2071076 -0.3701589 -0.9055876 1.19209e-7 0 0 0 1 -0.5240766 -0.6366998 0.5656475 0 -0.82886 0.5339866 -0.1668827 0.8218107 -0.1957938 -0.5563018 -0.8075846 1.19209e-7 0 0 0 1 -0.943729 0.005549937 0.3306732 0 -0.1831303 0.8238081 -0.5364736 0.8218107 -0.2753885 -0.566842 -0.776435 1.19209e-7 0 0 0 1</float_array>
        <technique_common>
          <accessor source="#Armature_Head_pose_matrix-output-array" count="4" stride="16">
            <param name="TRANSFORM" type="float4x4"/>
          </accessor>
        </technique_common>
      </source>
      <source id="Armature_Head_pose_matrix-interpolation">
        <Name_array id="Armature_Head_pose_matrix-interpolation-array" count="4">LINEAR LINEAR LINEAR LINEAR</Name_array>
        <technique_common>
          <accessor source="#Armature_Head_pose_matrix-interpolation-array" count="4" stride="1">
            <param name="INTERPOLATION" type="name"/>
          </accessor>
        </technique_common>
      </source>
      <sampler id="Armature_Head_pose_matrix-sampler">
        <input semantic="INPUT" source="#Armature_Head_pose_matrix-input"/>
        <input semantic="OUTPUT" source="#Armature_Head_pose_matrix-output"/>
        <input semantic="INTERPOLATION" source="#Armature_Head_pose_matrix-interpolation"/>
      </sampler>
      <channel source="#Armature_Head_pose_matrix-sampler" target="Head/transform"/>
    </animation>
  </library_animations>
  <library_controllers/>
  <library_visual_scenes>
    <visual_scene id="Scene" name="Scene">
      <node id="Armature" name="Armature" type="NODE">
        <translate sid="location">0 0 1.19209e-7</translate>
        <rotate sid="rotationZ">0 0 1 0</rotate>
        <rotate sid="rotationY">0 1 0 0</rotate>
        <rotate sid="rotationX">1 0 0 0</rotate>
        <scale sid="scale">1 1 1</scale>
        <node id="Root" name="Root" sid="Root" type="JOINT">
          <matrix sid="transform">0.9953227 0.005029412 0.09647544 0.03151637 0.02670307 -0.9740589 -0.2247144 0.5806497 0.09284151 0.2262396 -0.9696447 1.287016 0 0 0 1</matrix>
          <node id="BackRightLeg" name="BackRightLeg" sid="BackRightLeg" type="JOINT">
            <matrix sid="transform">0.9779502 -0.1210349 0.1701878 -0.490572 0.07235848 -0.5680678 -0.8197945 0.05914401 0.1959019 0.8140328 -0.5467842 0.2263188 0 0 0 1</matrix>
            <node id="BackRightKnee" name="BackRightKnee" sid="BackRightKnee" type="JOINT">
              <matrix sid="transform">0.9994551 0.03276293 -0.004016948 0 -0.02909838 0.9319711 0.3613625 0.5318285 0.015583 -0.3610487 0.9324167 5.96046e-8 0 0 0 1</matrix>
              <node id="BackRightFoot" name="BackRightFoot" sid="BackRightFoot" type="JOINT">
                <matrix sid="transform">-0.9951555 0.09714161 -0.01512712 0 0.04984026 0.3658646 -0.9293324 0.4327554 -0.08474237 -0.9255841 -0.3689338 0 0 0 0 1</matrix>
              </node>
            </node>
          </node>
          <node id="FrontRightLeg" name="FrontRightLeg" sid="FrontRightLeg" type="JOINT">
            <matrix sid="transform">0.9853174 -0.1503057 0.0809804 -0.5073485 0.1015464 0.1346238 -0.9856798 1.059652 0.1372515 0.9794307 0.1479101 0.3719766 0 0 0 1</matrix>
            <node id="FrontRightKnee" name="FrontRightKnee" sid="FrontRightKnee" type="JOINT">
              <matrix sid="transform">0.9971235 0.06275062 0.04250973 2.98023e-8 -0.04036936 0.9143795 -0.4028405 0.4919983 -0.06414855 0.3999657 0.9142824 5.96046e-8 0 0 0 1</matrix>
              <node id="FrontRightFoot" name="FrontRightFoot" sid="FrontRightFoot" type="JOINT">
                <matrix sid="transform">-0.9880294 0.1221882 0.0941698 -2.98023e-8 -0.04859685 0.3328289 -0.9417341 0.5150357 -0.1464112 -0.9350374 -0.3229068 0 0 0 0 1</matrix>
              </node>
            </node>
          </node>
          <node id="BackLeftLeg" name="BackLeftLeg" sid="BackLeftLeg" type="JOINT">
            <matrix sid="transform">0.7290705 -0.04347236 -0.6830565 0.3854567 -0.5789681 -0.5714325 -0.5816019 0.06357078 -0.3650372 0.8194968 -0.4417833 0.3112298 0 0 0 1</matrix>
            <node id="BackLeftKnee" name="BackLeftKnee" sid="BackLeftKnee" type="JOINT">
              <matrix sid="transform">0.9238408 -0.2489221 0.2907853 0 0.1443522 0.930147 0.3376225 0.5259264 -0.3545149 -0.2699339 0.8952401 -1.49012e-8 0 0 0 1</matrix>
              <node id="BackLeftFoot" name="BackLeftFoot" sid="BackLeftFoot" type="JOINT">
                <matrix sid="transform">-0.8970904 -0.4267186 -0.1146309 -5.96046e-8 -0.05529807 0.3658243 -0.9290397 0.4389726 0.4383731 -0.8270939 -0.3517742 0 0 0 0 1</matrix>
              </node>
            </node>
          </node>
          <node id="FrontLeftLeg" name="FrontLeftLeg" sid="FrontLeftLeg" type="JOINT">
            <matrix sid="transform">-0.7272122 0.04994413 -0.6845934 0.2902677 -0.6737496 0.1387549 0.7258159 1.063683 0.1312409 0.9890666 -0.06725449 0.4492872 0 0 0 1</matrix>
            <node id="FrontLeftKnee" name="FrontLeftKnee" sid="FrontLeftKnee" type="JOINT">
              <matrix sid="transform">-0.6304986 0.3727207 0.6808457 0 0.09553294 0.9077575 -0.4084724 0.4908348 -0.7702889 -0.1924979 -0.6079471 0 0 0 0 1</matrix>
              <node id="FrontLeftFoot" name="FrontLeftFoot" sid="FrontLeftFoot" type="JOINT">
                <matrix sid="transform">-0.9915011 -0.1218886 -0.04548267 2.98023e-8 0.002224837 0.3336661 -0.9426887 0.5205073 0.130079 -0.9347782 -0.3305592 0 0 0 0 1</matrix>
              </node>
            </node>
          </node>
          <node id="Chest" name="Chest" sid="Chest" type="JOINT">
            <matrix sid="transform">-0.995322 -0.01808433 0.0949052 1.49012e-8 -0.005028521 0.9906902 0.1360407 0.8254917 -0.0964819 0.1349271 -0.9861469 0 0 0 0 1</matrix>
            <node id="Head" name="Head" sid="Head" type="JOINT">
              <matrix sid="transform">-0.943729 0.005549937 0.3306732 0 -0.1831303 0.8238081 -0.5364736 0.8218107 -0.2753885 -0.566842 -0.776435 1.19209e-7 0 0 0 1</matrix>
            </node>
          </node>
        </node>
      </node>
    </visual_scene>
  </library_visual_scenes>
  <scene>
    <instance_visual_scene url="#Scene"/>
  </scene>
</COLLADA>