<?xml version="1.0" encoding="utf-8"?>
<COLLADA xmlns="http://www.collada.org/2005/11/COLLADASchema" version="1.4.1">
  <asset>
    <contributor>
      <author>Blender User</author>
      <authoring_tool>Blender 2.77.0 commit date:2016-04-05, commit time:18:12, hash:abf6f08</authoring_tool>
    </contributor>
    <created>2017-06-16T14:47:02</created>
    <modified>2017-06-16T14:47:02</modified>
    <unit name="meter" meter="1"/>
    <up_axis>Z_UP</up_axis>
  </asset>
  <library_images/>
  <library_effects/>
  <library_animations>
    <animation id="Armature_Base_pose_matrix">
      <source id="Armature_Base_pose_matrix-input">
        <float_array id="Armature_Base_pose_matrix-input-array" count="2">0 0.8333333</float_array>
        <technique_common>
          <accessor source="#Armature_Base_pose_matrix-input-array" count="2" stride="1">
            <param name="TIME" type="float"/>
          </accessor>
        </technique_common>
      </source>
      <source id="Armature_Base_pose_matrix-output">
        <float_array id="Armature_Base_pose_matrix-output-array" count="32">0.4664996 -0.8845214 -2.98023e-8 0.2360334 0 0 -0.9999999 -0.01550162 0.8845212 0.4664995 5.96046e-8 0.1891564 0 0 0 1 0.4664996 -0.8845214 -2.98023e-8 0.2360334 0 0 -0.9999999 -0.01550162 0.8845212 0.4664995 5.96046e-8 0.1891564 0 0 0 1</float_array>
        <technique_common>
          <accessor source="#Armature_Base_pose_matrix-output-array" count="2" stride="16">
            <param name="TRANSFORM" type="float4x4"/>
          </accessor>
        </technique_common>
      </source>
      <source id="Armature_Base_pose_matrix-interpolation">
        <Name_array id="Armature_Base_pose_matrix-interpolation-array" count="2">LINEAR LINEAR</Name_array>
        <technique_common>
          <accessor source="#Armature_Base_pose_matrix-interpolation-array" count="2" stride="1">
            <param name="INTERPOLATION" type="name"/>
          </accessor>
        </technique_common>
      </source>
      <sampler id="Armature_Base_pose_matrix-sampler">
        <input semantic="INPUT" source="#Armature_Base_pose_matrix-input"/>
        <input semantic="OUTPUT" source="#Armature_Base_pose_matrix-output"/>
        <input semantic="INTERPOLATION" source="#Armature_Base_pose_matrix-interpolation"/>
      </sampler>
      <channel source="#Armature_Base_pose_matrix-sampler" target="Base/transform"/>
    </animation>
    <animation id="Armature_Top_pose_matrix">
      <source id="Armature_Top_pose_matrix-input">
        <float_array id="Armature_Top_pose_matrix-input-array" count="2">0 0.8333333</float_array>
        <technique_common>
          <accessor source="#Armature_Top_pose_matrix-input-array" count="2" stride="1">
            <param name="TIME" type="float"/>
          </accessor>
        </technique_common>
      </source>
      <source id="Armature_Top_pose_matrix-output">
        <float_array id="Armature_Top_pose_matrix-output-array" count="32">0.05355436 0.8396288 0.5405137 2.98023e-8 0.06535606 -0.543077 0.8371354 1.015321 0.9964236 -0.009506235 -0.08395903 0 0 0 0 1 -0.07684892 0.3052273 -0.9491735 2.98023e-8 0.03380063 0.9522392 0.3034763 1.015321 0.9964694 -0.008760923 -0.08349557 0 0 0 0 1</float_array>
        <technique_common>
          <accessor source="#Armature_Top_pose_matrix-output-array" count="2" stride="16">
            <param name="TRANSFORM" type="float4x4"/>
          </accessor>
        </technique_common>
      </source>
      <source id="Armature_Top_pose_matrix-interpolation">
        <Name_array id="Armature_Top_pose_matrix-interpolation-array" count="2">LINEAR LINEAR</Name_array>
        <technique_common>
          <accessor source="#Armature_Top_pose_matrix-interpolation-array" count="2" stride="1">
            <param name="INTERPOLATION" type="name"/>
          </accessor>
        </technique_common>
      </source>
      <sampler id="Armature_Top_pose_matrix-sampler">
        <input semantic="INPUT" source="#Armature_Top_pose_matrix-input"/>
        <input semantic="OUTPUT" source="#Armature_Top_pose_matrix-output"/>
        <input semantic="INTERPOLATION" source="#Armature_Top_pose_matrix-interpolation"/>
      </sampler>
      <channel source="#Armature_Top_pose_matrix-sampler" target="Top/transform"/>
    </animation>
  </library_animations>
  <library_controllers/>
  <library_visual_scenes>
    <visual_scene id="Scene" name="Scene">
      <node id="Armature" name="Armature" type="NODE">
        <translate sid="location">-2e-7 0 -1e-7</translate>
        <rotate sid="rotationZ">0 0 1 0</rotate>
        <rotate sid="rotationY">0 1 0 0</rotate>
        <rotate sid="rotationX">1 0 0 0</rotate>
        <scale sid="scale">1 1 1</scale>
        <node id="Base" name="Base" sid="Base" type="JOINT">
          <matrix sid="transform">0.4664996 -0.8845214 -2.98023e-8 0.2360334 0 0 -0.9999999 -0.01550162 0.8845212 0.4664995 5.96046e-8 0.1891564 0 0 0 1</matrix>
          <node id="Top" name="Top" sid="Top" type="JOINT">
            <matrix sid="transform">0.05355436 0.8396288 0.5405137 2.98023e-8 0.06535606 -0.543077 0.8371354 1.015321 0.9964236 -0.009506235 -0.08395903 0 0 0 0 1</matrix>
          </node>
        </node>
      </node>
    </visual_scene>
  </library_visual_scenes>
  <scene>
    <instance_visual_scene url="#Scene"/>
  </scene>
</COLLADA>