<?xml version="1.0" encoding="utf-8"?>
<COLLADA xmlns="http://www.collada.org/2005/11/COLLADASchema" version="1.4.1">
  <asset>
    <contributor>
      <author>Blender User</author>
      <authoring_tool>Blender 2.77.0 commit date:2016-04-05, commit time:18:12, hash:abf6f08</authoring_tool>
    </contributor>
    <created>2018-02-12T01:26:55</created>
    <modified>2018-02-12T01:26:55</modified>
    <unit name="meter" meter="1"/>
    <up_axis>Z_UP</up_axis>
  </asset>
  <library_images/>
  <library_effects/>
  <library_animations>
    <animation id="Armature_Base_pose_matrix">
      <source id="Armature_Base_pose_matrix-input">
        <float_array id="Armature_Base_pose_matrix-input-array" count="2">0 0.8333333</float_array>
        <technique_common>
          <accessor source="#Armature_Base_pose_matrix-input-array" count="2" stride="1">
            <param name="TIME" type="float"/>
          </accessor>
        </technique_common>
      </source>
      <source id="Armature_Base_pose_matrix-output">
        <float_array id="Armature_Base_pose_matrix-output-array" count="32">0.6280845 -0.7781451 1.93715e-7 0.2360334 2.68221e-7 0 -1 -0.01550162 0.7781452 0.6280845 2.08616e-7 0.1891564 0 0 0 1 0.6280845 -0.7781451 1.93715e-7 0.2360334 2.68221e-7 0 -1 -0.01550162 0.7781452 0.6280845 2.08616e-7 0.1891564 0 0 0 1</float_array>
        <technique_common>
          <accessor source="#Armature_Base_pose_matrix-output-array" count="2" stride="16">
            <param name="TRANSFORM" type="float4x4"/>
          </accessor>
        </technique_common>
      </source>
      <source id="Armature_Base_pose_matrix-interpolation">
        <Name_array id="Armature_Base_pose_matrix-interpolation-array" count="2">LINEAR LINEAR</Name_array>
        <technique_common>
          <accessor source="#Armature_Base_pose_matrix-interpolation-array" count="2" stride="1">
            <param name="INTERPOLATION" type="name"/>
          </accessor>
        </technique_common>
      </source>
      <sampler id="Armature_Base_pose_matrix-sampler">
        <input semantic="INPUT" source="#Armature_Base_pose_matrix-input"/>
        <input semantic="OUTPUT" source="#Armature_Base_pose_matrix-output"/>
        <input semantic="INTERPOLATION" source="#Armature_Base_pose_matrix-interpolation"/>
      </sampler>
      <channel source="#Armature_Base_pose_matrix-sampler" target="Base/transform"/>
    </animation>
    <animation id="Armature_Top_pose_matrix">
      <source id="Armature_Top_pose_matrix-input">
        <float_array id="Armature_Top_pose_matrix-input-array" count="2">0 0.8333333</float_array>
        <technique_common>
          <accessor source="#Armature_Top_pose_matrix-input-array" count="2" stride="1">
            <param name="TIME" type="float"/>
          </accessor>
        </technique_common>
      </source>
      <source id="Armature_Top_pose_matrix-output">
        <float_array id="Armature_Top_pose_matrix-output-array" count="32">0.3320636 0.8454886 0.4181896 0 0.5107056 -0.5338958 0.6738955 1.171747 0.7930408 -0.01020442 -0.6090832 0 0 0 0 1 -0.6085628 -0.05786636 -0.791393 0 -0.02716967 0.9982723 -0.05210057 1.171747 0.7930405 -0.01020454 -0.6090835 0 0 0 0 1</float_array>
        <technique_common>
          <accessor source="#Armature_Top_pose_matrix-output-array" count="2" stride="16">
            <param name="TRANSFORM" type="float4x4"/>
          </accessor>
        </technique_common>
      </source>
      <source id="Armature_Top_pose_matrix-interpolation">
        <Name_array id="Armature_Top_pose_matrix-interpolation-array" count="2">LINEAR LINEAR</Name_array>
        <technique_common>
          <accessor source="#Armature_Top_pose_matrix-interpolation-array" count="2" stride="1">
            <param name="INTERPOLATION" type="name"/>
          </accessor>
        </technique_common>
      </source>
      <sampler id="Armature_Top_pose_matrix-sampler">
        <input semantic="INPUT" source="#Armature_Top_pose_matrix-input"/>
        <input semantic="OUTPUT" source="#Armature_Top_pose_matrix-output"/>
        <input semantic="INTERPOLATION" source="#Armature_Top_pose_matrix-interpolation"/>
      </sampler>
      <channel source="#Armature_Top_pose_matrix-sampler" target="Top/transform"/>
    </animation>
  </library_animations>
  <library_controllers/>
  <library_visual_scenes>
    <visual_scene id="Scene" name="Scene">
      <node id="Armature" name="Armature" type="NODE">
        <translate sid="location">-2e-7 0 -1e-7</translate>
        <rotate sid="rotationZ">0 0 1 0</rotate>
        <rotate sid="rotationY">0 1 0 0</rotate>
        <rotate sid="rotationX">1 0 0 0</rotate>
        <scale sid="scale">1 1 1</scale>
        <node id="Base" name="Base" sid="Base" type="JOINT">
          <matrix sid="transform">0.6280845 -0.7781451 1.93715e-7 0.2360334 2.68221e-7 0 -1 -0.01550162 0.7781452 0.6280845 2.08616e-7 0.1891564 0 0 0 1</matrix>
          <node id="Top" name="Top" sid="Top" type="JOINT">
            <matrix sid="transform">0.3320636 0.8454886 0.4181896 0 0.5107056 -0.5338958 0.6738955 1.171747 0.7930408 -0.01020442 -0.6090832 0 0 0 0 1</matrix>
          </node>
        </node>
      </node>
    </visual_scene>
  </library_visual_scenes>
  <scene>
    <instance_visual_scene url="#Scene"/>
  </scene>
</COLLADA>