<?xml version="1.0" encoding="utf-8"?>
<COLLADA xmlns="http://www.collada.org/2005/11/COLLADASchema" version="1.4.1">
  <asset>
    <contributor>
      <author>Blender User</author>
      <authoring_tool>Blender 2.77.0 commit date:2016-04-05, commit time:18:12, hash:abf6f08</authoring_tool>
    </contributor>
    <created>2017-05-21T00:12:14</created>
    <modified>2017-05-21T00:12:14</modified>
    <unit name="meter" meter="1"/>
    <up_axis>Z_UP</up_axis>
  </asset>
  <library_images/>
  <library_effects/>
  <library_animations>
    <animation id="Armature_Root_pose_matrix">
      <source id="Armature_Root_pose_matrix-input">
        <float_array id="Armature_Root_pose_matrix-input-array" count="3">0 0.375 0.75</float_array>
        <technique_common>
          <accessor source="#Armature_Root_pose_matrix-input-array" count="3" stride="1">
            <param name="TIME" type="float"/>
          </accessor>
        </technique_common>
      </source>
      <source id="Armature_Root_pose_matrix-output">
        <float_array id="Armature_Root_pose_matrix-output-array" count="48">0.9976563 -0.06709536 -0.01341491 0.09930563 -0.002540964 0.1595926 -0.9871796 0.2135772 0.06837609 0.9849002 0.1590482 2.629803 0 0 0 1 0.9976563 -0.06709536 -0.01341491 0.09930563 0.06069229 0.9582877 -0.2792867 0.2135772 0.03159419 0.2778179 0.9601141 2.629803 0 0 0 1 0.9976563 -0.06709536 -0.01341491 0.09930563 -0.002540964 0.1595926 -0.9871796 0.2135772 0.06837609 0.9849002 0.1590482 2.629803 0 0 0 1</float_array>
        <technique_common>
          <accessor source="#Armature_Root_pose_matrix-output-array" count="3" stride="16">
            <param name="TRANSFORM" type="float4x4"/>
          </accessor>
        </technique_common>
      </source>
      <source id="Armature_Root_pose_matrix-interpolation">
        <Name_array id="Armature_Root_pose_matrix-interpolation-array" count="3">LINEAR LINEAR LINEAR</Name_array>
        <technique_common>
          <accessor source="#Armature_Root_pose_matrix-interpolation-array" count="3" stride="1">
            <param name="INTERPOLATION" type="name"/>
          </accessor>
        </technique_common>
      </source>
      <sampler id="Armature_Root_pose_matrix-sampler">
        <input semantic="INPUT" source="#Armature_Root_pose_matrix-input"/>
        <input semantic="OUTPUT" source="#Armature_Root_pose_matrix-output"/>
        <input semantic="INTERPOLATION" source="#Armature_Root_pose_matrix-interpolation"/>
      </sampler>
      <channel source="#Armature_Root_pose_matrix-sampler" target="Root/transform"/>
    </animation>
    <animation id="Armature_FrontRightLeg_pose_matrix">
      <source id="Armature_FrontRightLeg_pose_matrix-input">
        <float_array id="Armature_FrontRightLeg_pose_matrix-input-array" count="3">0 0.375 0.75</float_array>
        <technique_common>
          <accessor source="#Armature_FrontRightLeg_pose_matrix-input-array" count="3" stride="1">
            <param name="TIME" type="float"/>
          </accessor>
        </technique_common>
      </source>
      <source id="Armature_FrontRightLeg_pose_matrix-output">
        <float_array id="Armature_FrontRightLeg_pose_matrix-output-array" count="48">-0.6913906 -0.386851 -0.6101846 -0.4504879 0.2881865 0.6268015 -0.7239256 1.143166 0.6625162 -0.6763621 -0.3218795 0.2558788 0 0 0 1 -0.4607306 -0.6965843 -0.5499977 -0.4505472 0.7931227 -0.04500392 -0.6073967 1.143307 0.3983513 -0.7160618 0.5732117 0.2507679 0 0 0 1 -0.6913906 -0.386851 -0.6101846 -0.4504879 0.2881865 0.6268015 -0.7239256 1.143166 0.6625162 -0.6763621 -0.3218795 0.2558788 0 0 0 1</float_array>
        <technique_common>
          <accessor source="#Armature_FrontRightLeg_pose_matrix-output-array" count="3" stride="16">
            <param name="TRANSFORM" type="float4x4"/>
          </accessor>
        </technique_common>
      </source>
      <source id="Armature_FrontRightLeg_pose_matrix-interpolation">
        <Name_array id="Armature_FrontRightLeg_pose_matrix-interpolation-array" count="3">LINEAR LINEAR LINEAR</Name_array>
        <technique_common>
          <accessor source="#Armature_FrontRightLeg_pose_matrix-interpolation-array" count="3" stride="1">
            <param name="INTERPOLATION" type="name"/>
          </accessor>
        </technique_common>
      </source>
      <sampler id="Armature_FrontRightLeg_pose_matrix-sampler">
        <input semantic="INPUT" source="#Armature_FrontRightLeg_pose_matrix-input"/>
        <input semantic="OUTPUT" source="#Armature_FrontRightLeg_pose_matrix-output"/>
        <input semantic="INTERPOLATION" source="#Armature_FrontRightLeg_pose_matrix-interpolation"/>
      </sampler>
      <channel source="#Armature_FrontRightLeg_pose_matrix-sampler" target="FrontRightLeg/transform"/>
    </animation>
    <animation id="Armature_FrontRightFoot_pose_matrix">
      <source id="Armature_FrontRightFoot_pose_matrix-input">
        <float_array id="Armature_FrontRightFoot_pose_matrix-input-array" count="3">0 0.375 0.75</float_array>
        <technique_common>
          <accessor source="#Armature_FrontRightFoot_pose_matrix-input-array" count="3" stride="1">
            <param name="TIME" type="float"/>
          </accessor>
        </technique_common>
      </source>
      <source id="Armature_FrontRightFoot_pose_matrix-output">
        <float_array id="Armature_FrontRightFoot_pose_matrix-output-array" count="48">-0.5168007 0.5521836 -0.6542248 0 0.6787078 0.7300351 0.08002879 0.8953404 0.5217976 -0.4026687 -0.752054 0 0 0 0 1 -0.3018412 -0.2210168 -0.9273852 0 -0.431455 0.8991069 -0.0738492 0.8953404 0.8501403 0.3778343 -0.3667462 0 0 0 0 1 -0.5168007 0.5521836 -0.6542248 0 0.6787078 0.7300351 0.08002879 0.8953404 0.5217976 -0.4026687 -0.752054 0 0 0 0 1</float_array>
        <technique_common>
          <accessor source="#Armature_FrontRightFoot_pose_matrix-output-array" count="3" stride="16">
            <param name="TRANSFORM" type="float4x4"/>
          </accessor>
        </technique_common>
      </source>
      <source id="Armature_FrontRightFoot_pose_matrix-interpolation">
        <Name_array id="Armature_FrontRightFoot_pose_matrix-interpolation-array" count="3">LINEAR LINEAR LINEAR</Name_array>
        <technique_common>
          <accessor source="#Armature_FrontRightFoot_pose_matrix-interpolation-array" count="3" stride="1">
            <param name="INTERPOLATION" type="name"/>
          </accessor>
        </technique_common>
      </source>
      <sampler id="Armature_FrontRightFoot_pose_matrix-sampler">
        <input semantic="INPUT" source="#Armature_FrontRightFoot_pose_matrix-input"/>
        <input semantic="OUTPUT" source="#Armature_FrontRightFoot_pose_matrix-output"/>
        <input semantic="INTERPOLATION" source="#Armature_FrontRightFoot_pose_matrix-interpolation"/>
      </sampler>
      <channel source="#Armature_FrontRightFoot_pose_matrix-sampler" target="FrontRightFoot/transform"/>
    </animation>
    <animation id="Armature_FrontLeftLeg_pose_matrix">
      <source id="Armature_FrontLeftLeg_pose_matrix-input">
        <float_array id="Armature_FrontLeftLeg_pose_matrix-input-array" count="3">0 0.375 0.75</float_array>
        <technique_common>
          <accessor source="#Armature_FrontLeftLeg_pose_matrix-input-array" count="3" stride="1">
            <param name="TIME" type="float"/>
          </accessor>
        </technique_common>
      </source>
      <source id="Armature_FrontLeftLeg_pose_matrix-output">
        <float_array id="Armature_FrontLeftLeg_pose_matrix-output-array" count="48">0.7301205 0.4247691 0.5352525 0.4038167 -0.675528 0.5666323 0.4717941 1.075468 -0.1028878 -0.7060447 0.7006533 0.2389933 0 0 0 1 0.6490207 0.6584884 0.3810053 0.4038759 -0.3808983 -0.1522632 0.9119937 1.075326 0.6585504 -0.737027 0.1519951 0.2441042 0 0 0 1 0.7301205 0.4247691 0.5352525 0.4038167 -0.675528 0.5666323 0.4717941 1.075468 -0.1028878 -0.7060447 0.7006533 0.2389933 0 0 0 1</float_array>
        <technique_common>
          <accessor source="#Armature_FrontLeftLeg_pose_matrix-output-array" count="3" stride="16">
            <param name="TRANSFORM" type="float4x4"/>
          </accessor>
        </technique_common>
      </source>
      <source id="Armature_FrontLeftLeg_pose_matrix-interpolation">
        <Name_array id="Armature_FrontLeftLeg_pose_matrix-interpolation-array" count="3">LINEAR LINEAR LINEAR</Name_array>
        <technique_common>
          <accessor source="#Armature_FrontLeftLeg_pose_matrix-interpolation-array" count="3" stride="1">
            <param name="INTERPOLATION" type="name"/>
          </accessor>
        </technique_common>
      </source>
      <sampler id="Armature_FrontLeftLeg_pose_matrix-sampler">
        <input semantic="INPUT" source="#Armature_FrontLeftLeg_pose_matrix-input"/>
        <input semantic="OUTPUT" source="#Armature_FrontLeftLeg_pose_matrix-output"/>
        <input semantic="INTERPOLATION" source="#Armature_FrontLeftLeg_pose_matrix-interpolation"/>
      </sampler>
      <channel source="#Armature_FrontLeftLeg_pose_matrix-sampler" target="FrontLeftLeg/transform"/>
    </animation>
    <animation id="Armature_FrontLeftFoot_pose_matrix">
      <source id="Armature_FrontLeftFoot_pose_matrix-input">
        <float_array id="Armature_FrontLeftFoot_pose_matrix-input-array" count="3">0 0.375 0.75</float_array>
        <technique_common>
          <accessor source="#Armature_FrontLeftFoot_pose_matrix-input-array" count="3" stride="1">
            <param name="TIME" type="float"/>
          </accessor>
        </technique_common>
      </source>
      <source id="Armature_FrontLeftFoot_pose_matrix-output">
        <float_array id="Armature_FrontLeftFoot_pose_matrix-output-array" count="48">0.2674487 -0.1455606 0.9525142 2.38419e-7 0.7168961 0.6905724 -0.09575999 0.8968189 -0.6438411 0.7084645 0.2890445 0 0 0 0 1 0.6563374 0.3015859 0.6915687 2.38419e-7 -0.4050885 0.9141672 -0.01420707 0.8968189 -0.636494 -0.2708218 0.7221709 0 0 0 0 1 0.2674487 -0.1455606 0.9525142 2.38419e-7 0.7168961 0.6905724 -0.09575999 0.8968189 -0.6438411 0.7084645 0.2890445 0 0 0 0 1</float_array>
        <technique_common>
          <accessor source="#Armature_FrontLeftFoot_pose_matrix-output-array" count="3" stride="16">
            <param name="TRANSFORM" type="float4x4"/>
          </accessor>
        </technique_common>
      </source>
      <source id="Armature_FrontLeftFoot_pose_matrix-interpolation">
        <Name_array id="Armature_FrontLeftFoot_pose_matrix-interpolation-array" count="3">LINEAR LINEAR LINEAR</Name_array>
        <technique_common>
          <accessor source="#Armature_FrontLeftFoot_pose_matrix-interpolation-array" count="3" stride="1">
            <param name="INTERPOLATION" type="name"/>
          </accessor>
        </technique_common>
      </source>
      <sampler id="Armature_FrontLeftFoot_pose_matrix-sampler">
        <input semantic="INPUT" source="#Armature_FrontLeftFoot_pose_matrix-input"/>
        <input semantic="OUTPUT" source="#Armature_FrontLeftFoot_pose_matrix-output"/>
        <input semantic="INTERPOLATION" source="#Armature_FrontLeftFoot_pose_matrix-interpolation"/>
      </sampler>
      <channel source="#Armature_FrontLeftFoot_pose_matrix-sampler" target="FrontLeftFoot/transform"/>
    </animation>
    <animation id="Armature_Chest_pose_matrix">
      <source id="Armature_Chest_pose_matrix-input">
        <float_array id="Armature_Chest_pose_matrix-input-array" count="3">0 0.375 0.75</float_array>
        <technique_common>
          <accessor source="#Armature_Chest_pose_matrix-input-array" count="3" stride="1">
            <param name="TIME" type="float"/>
          </accessor>
        </technique_common>
      </source>
      <source id="Armature_Chest_pose_matrix-output">
        <float_array id="Armature_Chest_pose_matrix-output-array" count="48">0.9335916 -0.002728541 -0.3583283 0 -0.3580632 -0.04630637 -0.9325483 0.6307385 -0.01404839 0.9989237 -0.04420819 2.98023e-8 0 0 0 1 0.9332396 -0.01900757 -0.3587511 0 -0.3493817 -0.2805162 -0.8940039 0.6307385 -0.08364266 0.9596612 -0.2684298 2.98023e-8 0 0 0 1 0.9335916 -0.002728541 -0.3583283 0 -0.3580632 -0.04630637 -0.9325483 0.6307385 -0.01404839 0.9989237 -0.04420819 2.98023e-8 0 0 0 1</float_array>
        <technique_common>
          <accessor source="#Armature_Chest_pose_matrix-output-array" count="3" stride="16">
            <param name="TRANSFORM" type="float4x4"/>
          </accessor>
        </technique_common>
      </source>
      <source id="Armature_Chest_pose_matrix-interpolation">
        <Name_array id="Armature_Chest_pose_matrix-interpolation-array" count="3">LINEAR LINEAR LINEAR</Name_array>
        <technique_common>
          <accessor source="#Armature_Chest_pose_matrix-interpolation-array" count="3" stride="1">
            <param name="INTERPOLATION" type="name"/>
          </accessor>
        </technique_common>
      </source>
      <sampler id="Armature_Chest_pose_matrix-sampler">
        <input semantic="INPUT" source="#Armature_Chest_pose_matrix-input"/>
        <input semantic="OUTPUT" source="#Armature_Chest_pose_matrix-output"/>
        <input semantic="INTERPOLATION" source="#Armature_Chest_pose_matrix-interpolation"/>
      </sampler>
      <channel source="#Armature_Chest_pose_matrix-sampler" target="Chest/transform"/>
    </animation>
    <animation id="Armature_Head_001_pose_matrix">
      <source id="Armature_Head_001_pose_matrix-input">
        <float_array id="Armature_Head_001_pose_matrix-input-array" count="3">0 0.375 0.75</float_array>
        <technique_common>
          <accessor source="#Armature_Head_001_pose_matrix-input-array" count="3" stride="1">
            <param name="TIME" type="float"/>
          </accessor>
        </technique_common>
      </source>
      <source id="Armature_Head_001_pose_matrix-output">
        <float_array id="Armature_Head_001_pose_matrix-output-array" count="48">-0.9485877 0.1284776 -0.289266 0 0.09497824 0.9873366 0.1270646 0.9141995 0.3019279 0.09305789 -0.948778 0 0 0 0 1 -0.9348776 0.2927682 -0.200725 0 0.07281354 0.7116097 0.6987916 0.9141995 0.3474218 0.6386692 -0.6865856 0 0 0 0 1 -0.9485877 0.1284776 -0.289266 0 0.09497824 0.9873366 0.1270646 0.9141995 0.3019279 0.09305789 -0.948778 0 0 0 0 1</float_array>
        <technique_common>
          <accessor source="#Armature_Head_001_pose_matrix-output-array" count="3" stride="16">
            <param name="TRANSFORM" type="float4x4"/>
          </accessor>
        </technique_common>
      </source>
      <source id="Armature_Head_001_pose_matrix-interpolation">
        <Name_array id="Armature_Head_001_pose_matrix-interpolation-array" count="3">LINEAR LINEAR LINEAR</Name_array>
        <technique_common>
          <accessor source="#Armature_Head_001_pose_matrix-interpolation-array" count="3" stride="1">
            <param name="INTERPOLATION" type="name"/>
          </accessor>
        </technique_common>
      </source>
      <sampler id="Armature_Head_001_pose_matrix-sampler">
        <input semantic="INPUT" source="#Armature_Head_001_pose_matrix-input"/>
        <input semantic="OUTPUT" source="#Armature_Head_001_pose_matrix-output"/>
        <input semantic="INTERPOLATION" source="#Armature_Head_001_pose_matrix-interpolation"/>
      </sampler>
      <channel source="#Armature_Head_001_pose_matrix-sampler" target="Head_001/transform"/>
    </animation>
    <animation id="Armature_Root_001_pose_matrix">
      <source id="Armature_Root_001_pose_matrix-input">
        <float_array id="Armature_Root_001_pose_matrix-input-array" count="3">0 0.375 0.75</float_array>
        <technique_common>
          <accessor source="#Armature_Root_001_pose_matrix-input-array" count="3" stride="1">
            <param name="TIME" type="float"/>
          </accessor>
        </technique_common>
      </source>
      <source id="Armature_Root_001_pose_matrix-output">
        <float_array id="Armature_Root_001_pose_matrix-output-array" count="48">0.9976853 -0.04942219 0.04670706 0 -0.062021 -0.3796966 0.9230297 0.6307385 -0.02788365 -0.92379 -0.3818831 2.98023e-8 0 0 0 1 0.9967059 -0.07963418 -0.0153505 0 -0.0771729 -0.9894831 0.1223411 0.6307385 -0.0249316 -0.1207534 -0.9923694 2.98023e-8 0 0 0 1 0.9976853 -0.04942219 0.04670706 0 -0.062021 -0.3796966 0.9230297 0.6307385 -0.02788365 -0.92379 -0.3818831 2.98023e-8 0 0 0 1</float_array>
        <technique_common>
          <accessor source="#Armature_Root_001_pose_matrix-output-array" count="3" stride="16">
            <param name="TRANSFORM" type="float4x4"/>
          </accessor>
        </technique_common>
      </source>
      <source id="Armature_Root_001_pose_matrix-interpolation">
        <Name_array id="Armature_Root_001_pose_matrix-interpolation-array" count="3">LINEAR LINEAR LINEAR</Name_array>
        <technique_common>
          <accessor source="#Armature_Root_001_pose_matrix-interpolation-array" count="3" stride="1">
            <param name="INTERPOLATION" type="name"/>
          </accessor>
        </technique_common>
      </source>
      <sampler id="Armature_Root_001_pose_matrix-sampler">
        <input semantic="INPUT" source="#Armature_Root_001_pose_matrix-input"/>
        <input semantic="OUTPUT" source="#Armature_Root_001_pose_matrix-output"/>
        <input semantic="INTERPOLATION" source="#Armature_Root_001_pose_matrix-interpolation"/>
      </sampler>
      <channel source="#Armature_Root_001_pose_matrix-sampler" target="Root_001/transform"/>
    </animation>
  </library_animations>
  <library_controllers/>
  <library_visual_scenes>
    <visual_scene id="Scene" name="Scene">
      <node id="Armature" name="Armature" type="NODE">
        <translate sid="location">0 0 -0.2582056</translate>
        <rotate sid="rotationZ">0 0 1 0</rotate>
        <rotate sid="rotationY">0 1 0 0</rotate>
        <rotate sid="rotationX">1 0 0 0</rotate>
        <scale sid="scale">1 1 1</scale>
        <node id="Root" name="Root" sid="Root" type="JOINT">
          <matrix sid="transform">0.9976563 -0.06709536 -0.01341491 0.09930563 -0.002540964 0.1595926 -0.9871796 0.2135772 0.06837609 0.9849002 0.1590482 2.629803 0 0 0 1</matrix>
          <node id="FrontRightLeg" name="FrontRightLeg" sid="FrontRightLeg" type="JOINT">
            <matrix sid="transform">-0.6913906 -0.386851 -0.6101846 -0.4504879 0.2881865 0.6268015 -0.7239256 1.143166 0.6625162 -0.6763621 -0.3218795 0.2558788 0 0 0 1</matrix>
            <node id="FrontRightFoot" name="FrontRightFoot" sid="FrontRightFoot" type="JOINT">
              <matrix sid="transform">-0.4446798 0.1005367 -0.8900293 0 0.06182605 0.9947559 0.08147682 0.8953404 0.8935533 -0.018796 -0.4485635 0 0 0 0 1</matrix>
            </node>
          </node>
          <node id="FrontLeftLeg" name="FrontLeftLeg" sid="FrontLeftLeg" type="JOINT">
            <matrix sid="transform">0.7301205 0.4247691 0.5352525 0.4038167 -0.675528 0.5666323 0.4717941 1.075468 -0.1028878 -0.7060447 0.7006533 0.2389933 0 0 0 1</matrix>
            <node id="FrontLeftFoot" name="FrontLeftFoot" sid="FrontLeftFoot" type="JOINT">
              <matrix sid="transform">0.6486105 0.04359892 0.7598707 2.38419e-7 0.1063318 0.9833769 -0.1471856 0.8968189 -0.7536563 0.1762645 0.6331926 0 0 0 0 1</matrix>
            </node>
          </node>
          <node id="Chest" name="Chest" sid="Chest" type="JOINT">
            <matrix sid="transform">0.9335916 -0.002728541 -0.3583283 0 -0.3580632 -0.04630637 -0.9325483 0.6307385 -0.01404839 0.9989237 -0.04420819 2.98023e-8 0 0 0 1</matrix>
            <node id="Head_001" name="Head.001" sid="Head_001" type="JOINT">
              <matrix sid="transform">-0.9485877 0.1284776 -0.289266 0 0.09497824 0.9873366 0.1270646 0.9141995 0.3019279 0.09305789 -0.948778 0 0 0 0 1</matrix>
            </node>
          </node>
          <node id="Root_001" name="Root.001" sid="Root_001" type="JOINT">
            <matrix sid="transform">0.9976853 -0.04942219 0.04670706 0 -0.062021 -0.3796966 0.9230297 0.6307385 -0.02788365 -0.92379 -0.3818831 2.98023e-8 0 0 0 1</matrix>
          </node>
        </node>
      </node>
    </visual_scene>
  </library_visual_scenes>
  <scene>
    <instance_visual_scene url="#Scene"/>
  </scene>
</COLLADA>