<?xml version="1.0" encoding="utf-8"?>
<COLLADA xmlns="http://www.collada.org/2005/11/COLLADASchema" version="1.4.1">
  <asset>
    <contributor>
      <author>Blender User</author>
      <authoring_tool>Blender 2.77.0 commit date:2016-04-05, commit time:18:12, hash:abf6f08</authoring_tool>
    </contributor>
    <created>2018-01-07T00:16:18</created>
    <modified>2018-01-07T00:16:18</modified>
    <unit name="meter" meter="1"/>
    <up_axis>Z_UP</up_axis>
  </asset>
  <library_images/>
  <library_animations>
    <animation id="Armature_Root_pose_matrix">
      <source id="Armature_Root_pose_matrix-input">
        <float_array id="Armature_Root_pose_matrix-input-array" count="3">0 0.08333331 0.2916666</float_array>
        <technique_common>
          <accessor source="#Armature_Root_pose_matrix-input-array" count="3" stride="1">
            <param name="TIME" type="float"/>
          </accessor>
        </technique_common>
      </source>
      <source id="Armature_Root_pose_matrix-output">
        <float_array id="Armature_Root_pose_matrix-output-array" count="48">1 0 0 1.78814e-7 0 0.1868934 -0.9823802 0.03949894 0 0.9823802 0.1868934 3.350116 0 0 0 1 0.9949234 0.03729966 -0.09346735 1.78814e-7 -0.09492978 0.03957597 -0.994697 0.03949894 -0.0334028 0.9985201 0.04291591 3.350116 0 0 0 1 0.8480481 -0.1460656 -0.5093911 1.78814e-7 -0.5050697 -0.5137029 -0.6935517 0.03949894 -0.1603716 0.8454432 -0.5094181 3.350116 0 0 0 1</float_array>
        <technique_common>
          <accessor source="#Armature_Root_pose_matrix-output-array" count="3" stride="16">
            <param name="TRANSFORM" type="float4x4"/>
          </accessor>
        </technique_common>
      </source>
      <source id="Armature_Root_pose_matrix-interpolation">
        <Name_array id="Armature_Root_pose_matrix-interpolation-array" count="3">LINEAR LINEAR LINEAR</Name_array>
        <technique_common>
          <accessor source="#Armature_Root_pose_matrix-interpolation-array" count="3" stride="1">
            <param name="INTERPOLATION" type="name"/>
          </accessor>
        </technique_common>
      </source>
      <sampler id="Armature_Root_pose_matrix-sampler">
        <input semantic="INPUT" source="#Armature_Root_pose_matrix-input"/>
        <input semantic="OUTPUT" source="#Armature_Root_pose_matrix-output"/>
        <input semantic="INTERPOLATION" source="#Armature_Root_pose_matrix-interpolation"/>
      </sampler>
      <channel source="#Armature_Root_pose_matrix-sampler" target="Root/transform"/>
    </animation>
    <animation id="Armature_Chest_pose_matrix">
      <source id="Armature_Chest_pose_matrix-input">
        <float_array id="Armature_Chest_pose_matrix-input-array" count="3">0 0.08333331 0.2916666</float_array>
        <technique_common>
          <accessor source="#Armature_Chest_pose_matrix-input-array" count="3" stride="1">
            <param name="TIME" type="float"/>
          </accessor>
        </technique_common>
      </source>
      <source id="Armature_Chest_pose_matrix-output">
        <float_array id="Armature_Chest_pose_matrix-output-array" count="48">-0.07842365 -1.49012e-8 0.9969201 0 2.98023e-8 1 7.45058e-9 1.5 -0.9969201 2.98023e-8 -0.07842362 1.19209e-7 0 0 0 1 0.812172 0.0523383 0.5810657 0 -0.02328978 0.9980826 -0.05734751 1.5 -0.582953 0.03304309 0.8118337 1.19209e-7 0 0 0 1 -0.06592789 -0.1777188 -0.9818704 0 0.14347 0.9720984 -0.1855834 1.5 0.9874562 -0.153104 -0.03859115 1.19209e-7 0 0 0 1</float_array>
        <technique_common>
          <accessor source="#Armature_Chest_pose_matrix-output-array" count="3" stride="16">
            <param name="TRANSFORM" type="float4x4"/>
          </accessor>
        </technique_common>
      </source>
      <source id="Armature_Chest_pose_matrix-interpolation">
        <Name_array id="Armature_Chest_pose_matrix-interpolation-array" count="3">LINEAR LINEAR LINEAR</Name_array>
        <technique_common>
          <accessor source="#Armature_Chest_pose_matrix-interpolation-array" count="3" stride="1">
            <param name="INTERPOLATION" type="name"/>
          </accessor>
        </technique_common>
      </source>
      <sampler id="Armature_Chest_pose_matrix-sampler">
        <input semantic="INPUT" source="#Armature_Chest_pose_matrix-input"/>
        <input semantic="OUTPUT" source="#Armature_Chest_pose_matrix-output"/>
        <input semantic="INTERPOLATION" source="#Armature_Chest_pose_matrix-interpolation"/>
      </sampler>
      <channel source="#Armature_Chest_pose_matrix-sampler" target="Chest/transform"/>
    </animation>
    <animation id="Armature_Shoulder_R_pose_matrix">
      <source id="Armature_Shoulder_R_pose_matrix-input">
        <float_array id="Armature_Shoulder_R_pose_matrix-input-array" count="3">0 0.08333331 0.2916666</float_array>
        <technique_common>
          <accessor source="#Armature_Shoulder_R_pose_matrix-input-array" count="3" stride="1">
            <param name="TIME" type="float"/>
          </accessor>
        </technique_common>
      </source>
      <source id="Armature_Shoulder_R_pose_matrix-output">
        <float_array id="Armature_Shoulder_R_pose_matrix-output-array" count="48">-0.5302185 -0.5637429 0.6332944 -1.237579 0.361895 -0.8259503 -0.4322478 1.410534 0.7667459 -1.02445e-8 0.6419501 4.34071e-5 0 0 0 1 -0.5302185 -0.5637429 0.6332944 -1.237579 0.361895 -0.8259503 -0.4322478 1.410534 0.7667459 -1.02445e-8 0.6419501 4.34071e-5 0 0 0 1 -0.5302185 -0.5637429 0.6332944 -1.237717 0.361895 -0.8259503 -0.4322478 1.410628 0.7667459 -1.02445e-8 0.6419501 2.42636e-4 0 0 0 1</float_array>
        <technique_common>
          <accessor source="#Armature_Shoulder_R_pose_matrix-output-array" count="3" stride="16">
            <param name="TRANSFORM" type="float4x4"/>
          </accessor>
        </technique_common>
      </source>
      <source id="Armature_Shoulder_R_pose_matrix-interpolation">
        <Name_array id="Armature_Shoulder_R_pose_matrix-interpolation-array" count="3">LINEAR LINEAR LINEAR</Name_array>
        <technique_common>
          <accessor source="#Armature_Shoulder_R_pose_matrix-interpolation-array" count="3" stride="1">
            <param name="INTERPOLATION" type="name"/>
          </accessor>
        </technique_common>
      </source>
      <sampler id="Armature_Shoulder_R_pose_matrix-sampler">
        <input semantic="INPUT" source="#Armature_Shoulder_R_pose_matrix-input"/>
        <input semantic="OUTPUT" source="#Armature_Shoulder_R_pose_matrix-output"/>
        <input semantic="INTERPOLATION" source="#Armature_Shoulder_R_pose_matrix-interpolation"/>
      </sampler>
      <channel source="#Armature_Shoulder_R_pose_matrix-sampler" target="Shoulder_R/transform"/>
    </animation>
    <animation id="Armature_Arm_R_pose_matrix">
      <source id="Armature_Arm_R_pose_matrix-input">
        <float_array id="Armature_Arm_R_pose_matrix-input-array" count="3">0 0.08333331 0.2916666</float_array>
        <technique_common>
          <accessor source="#Armature_Arm_R_pose_matrix-input-array" count="3" stride="1">
            <param name="TIME" type="float"/>
          </accessor>
        </technique_common>
      </source>
      <source id="Armature_Arm_R_pose_matrix-output">
        <float_array id="Armature_Arm_R_pose_matrix-output-array" count="48">-0.5465881 -0.3375724 -0.766346 -0.005605698 -0.5258541 0.8505744 3.85093e-4 1.734318 0.6517044 0.4031968 -0.6424279 0.006695271 0 0 0 1 -0.5465881 -0.3375724 -0.766346 -0.005605698 -0.5258541 0.8505744 3.85093e-4 1.734318 0.6517044 0.4031968 -0.6424279 0.006695271 0 0 0 1 -0.5465881 -0.3375724 -0.766346 -0.005605698 -0.5258541 0.8505744 3.85093e-4 1.734318 0.6517044 0.4031968 -0.6424279 0.006695271 0 0 0 1</float_array>
        <technique_common>
          <accessor source="#Armature_Arm_R_pose_matrix-output-array" count="3" stride="16">
            <param name="TRANSFORM" type="float4x4"/>
          </accessor>
        </technique_common>
      </source>
      <source id="Armature_Arm_R_pose_matrix-interpolation">
        <Name_array id="Armature_Arm_R_pose_matrix-interpolation-array" count="3">LINEAR LINEAR LINEAR</Name_array>
        <technique_common>
          <accessor source="#Armature_Arm_R_pose_matrix-interpolation-array" count="3" stride="1">
            <param name="INTERPOLATION" type="name"/>
          </accessor>
        </technique_common>
      </source>
      <sampler id="Armature_Arm_R_pose_matrix-sampler">
        <input semantic="INPUT" source="#Armature_Arm_R_pose_matrix-input"/>
        <input semantic="OUTPUT" source="#Armature_Arm_R_pose_matrix-output"/>
        <input semantic="INTERPOLATION" source="#Armature_Arm_R_pose_matrix-interpolation"/>
      </sampler>
      <channel source="#Armature_Arm_R_pose_matrix-sampler" target="Arm_R/transform"/>
    </animation>
    <animation id="Armature_Hand_R_pose_matrix">
      <source id="Armature_Hand_R_pose_matrix-input">
        <float_array id="Armature_Hand_R_pose_matrix-input-array" count="3">0 0.08333331 0.2916666</float_array>
        <technique_common>
          <accessor source="#Armature_Hand_R_pose_matrix-input-array" count="3" stride="1">
            <param name="TIME" type="float"/>
          </accessor>
        </technique_common>
      </source>
      <source id="Armature_Hand_R_pose_matrix-output">
        <float_array id="Armature_Hand_R_pose_matrix-output-array" count="48">0.9989785 0.04517597 7.33351e-4 0 -0.04517636 0.9989789 9.49949e-8 2.074412 -7.3258e-4 -3.29912e-5 0.9999997 5.96046e-8 0 0 0 1 0.9989785 0.04517597 7.33351e-4 0 -0.04517636 0.9989789 9.49949e-8 2.074412 -7.3258e-4 -3.29912e-5 0.9999997 5.96046e-8 0 0 0 1 0.9989785 0.04517597 7.33351e-4 0 -0.04517636 0.9989789 9.49949e-8 2.074412 -7.3258e-4 -3.29912e-5 0.9999997 5.96046e-8 0 0 0 1</float_array>
        <technique_common>
          <accessor source="#Armature_Hand_R_pose_matrix-output-array" count="3" stride="16">
            <param name="TRANSFORM" type="float4x4"/>
          </accessor>
        </technique_common>
      </source>
      <source id="Armature_Hand_R_pose_matrix-interpolation">
        <Name_array id="Armature_Hand_R_pose_matrix-interpolation-array" count="3">LINEAR LINEAR LINEAR</Name_array>
        <technique_common>
          <accessor source="#Armature_Hand_R_pose_matrix-interpolation-array" count="3" stride="1">
            <param name="INTERPOLATION" type="name"/>
          </accessor>
        </technique_common>
      </source>
      <sampler id="Armature_Hand_R_pose_matrix-sampler">
        <input semantic="INPUT" source="#Armature_Hand_R_pose_matrix-input"/>
        <input semantic="OUTPUT" source="#Armature_Hand_R_pose_matrix-output"/>
        <input semantic="INTERPOLATION" source="#Armature_Hand_R_pose_matrix-interpolation"/>
      </sampler>
      <channel source="#Armature_Hand_R_pose_matrix-sampler" target="Hand_R/transform"/>
    </animation>
    <animation id="Armature_Shoulder_L_pose_matrix">
      <source id="Armature_Shoulder_L_pose_matrix-input">
        <float_array id="Armature_Shoulder_L_pose_matrix-input-array" count="3">0 0.08333331 0.2916666</float_array>
        <technique_common>
          <accessor source="#Armature_Shoulder_L_pose_matrix-input-array" count="3" stride="1">
            <param name="TIME" type="float"/>
          </accessor>
        </technique_common>
      </source>
      <source id="Armature_Shoulder_L_pose_matrix-output">
        <float_array id="Armature_Shoulder_L_pose_matrix-output-array" count="48">0.3725829 0.6325016 -0.6790608 1.237533 -0.483241 -0.4924692 -0.7238451 1.410502 -0.7922497 0.5978418 0.1221646 5.25266e-5 0 0 0 1 0.3417471 0.7802929 -0.5237861 1.237533 -0.2366268 -0.4679429 -0.851491 1.410502 -0.909514 0.4149361 0.02471948 5.25266e-5 0 0 0 1 0.6908019 0.4664776 -0.5524412 1.237455 -0.3964659 -0.3945685 -0.828933 1.410449 -0.6046546 0.7916521 -0.08762673 2.94566e-4 0 0 0 1</float_array>
        <technique_common>
          <accessor source="#Armature_Shoulder_L_pose_matrix-output-array" count="3" stride="16">
            <param name="TRANSFORM" type="float4x4"/>
          </accessor>
        </technique_common>
      </source>
      <source id="Armature_Shoulder_L_pose_matrix-interpolation">
        <Name_array id="Armature_Shoulder_L_pose_matrix-interpolation-array" count="3">LINEAR LINEAR LINEAR</Name_array>
        <technique_common>
          <accessor source="#Armature_Shoulder_L_pose_matrix-interpolation-array" count="3" stride="1">
            <param name="INTERPOLATION" type="name"/>
          </accessor>
        </technique_common>
      </source>
      <sampler id="Armature_Shoulder_L_pose_matrix-sampler">
        <input semantic="INPUT" source="#Armature_Shoulder_L_pose_matrix-input"/>
        <input semantic="OUTPUT" source="#Armature_Shoulder_L_pose_matrix-output"/>
        <input semantic="INTERPOLATION" source="#Armature_Shoulder_L_pose_matrix-interpolation"/>
      </sampler>
      <channel source="#Armature_Shoulder_L_pose_matrix-sampler" target="Shoulder_L/transform"/>
    </animation>
    <animation id="Armature_Arm_L_pose_matrix">
      <source id="Armature_Arm_L_pose_matrix-input">
        <float_array id="Armature_Arm_L_pose_matrix-input-array" count="3">0 0.08333331 0.2916666</float_array>
        <technique_common>
          <accessor source="#Armature_Arm_L_pose_matrix-input-array" count="3" stride="1">
            <param name="TIME" type="float"/>
          </accessor>
        </technique_common>
      </source>
      <source id="Armature_Arm_L_pose_matrix-output">
        <float_array id="Armature_Arm_L_pose_matrix-output-array" count="48">-0.289692 -0.9545578 0.06998548 -0.003171682 0.9466975 -0.2750086 0.1677329 1.734319 -0.1408643 0.1148461 0.983345 0.008135796 0 0 0 1 -0.289692 -0.9545578 0.06998548 -0.003171682 0.9466975 -0.2750086 0.1677329 1.734319 -0.1408643 0.1148461 0.983345 0.008135796 0 0 0 1 0.07330684 -0.5785881 0.8123187 -0.003171682 0.2652747 0.7964806 0.5433676 1.734319 -0.961382 0.1756549 0.211872 0.008135796 0 0 0 1</float_array>
        <technique_common>
          <accessor source="#Armature_Arm_L_pose_matrix-output-array" count="3" stride="16">
            <param name="TRANSFORM" type="float4x4"/>
          </accessor>
        </technique_common>
      </source>
      <source id="Armature_Arm_L_pose_matrix-interpolation">
        <Name_array id="Armature_Arm_L_pose_matrix-interpolation-array" count="3">LINEAR LINEAR LINEAR</Name_array>
        <technique_common>
          <accessor source="#Armature_Arm_L_pose_matrix-interpolation-array" count="3" stride="1">
            <param name="INTERPOLATION" type="name"/>
          </accessor>
        </technique_common>
      </source>
      <sampler id="Armature_Arm_L_pose_matrix-sampler">
        <input semantic="INPUT" source="#Armature_Arm_L_pose_matrix-input"/>
        <input semantic="OUTPUT" source="#Armature_Arm_L_pose_matrix-output"/>
        <input semantic="INTERPOLATION" source="#Armature_Arm_L_pose_matrix-interpolation"/>
      </sampler>
      <channel source="#Armature_Arm_L_pose_matrix-sampler" target="Arm_L/transform"/>
    </animation>
    <animation id="Armature_Hand_L_pose_matrix">
      <source id="Armature_Hand_L_pose_matrix-input">
        <float_array id="Armature_Hand_L_pose_matrix-input-array" count="3">0 0.08333331 0.2916666</float_array>
        <technique_common>
          <accessor source="#Armature_Hand_L_pose_matrix-input-array" count="3" stride="1">
            <param name="TIME" type="float"/>
          </accessor>
        </technique_common>
      </source>
      <source id="Armature_Hand_L_pose_matrix-output">
        <float_array id="Armature_Hand_L_pose_matrix-output-array" count="48">0.9827679 -0.0444428 -0.1794211 0 0.04517589 0.9989789 2.98023e-8 2.074412 0.1792381 -0.008105576 0.9837723 -2.38419e-7 0 0 0 1 0.9827679 -0.0444428 -0.1794211 0 0.04517589 0.9989789 2.98023e-8 2.074412 0.1792381 -0.008105576 0.9837723 -2.38419e-7 0 0 0 1 0.9827679 -0.0444428 -0.1794211 0 0.04517589 0.9989789 2.98023e-8 2.074412 0.1792381 -0.008105576 0.9837723 -2.38419e-7 0 0 0 1</float_array>
        <technique_common>
          <accessor source="#Armature_Hand_L_pose_matrix-output-array" count="3" stride="16">
            <param name="TRANSFORM" type="float4x4"/>
          </accessor>
        </technique_common>
      </source>
      <source id="Armature_Hand_L_pose_matrix-interpolation">
        <Name_array id="Armature_Hand_L_pose_matrix-interpolation-array" count="3">LINEAR LINEAR LINEAR</Name_array>
        <technique_common>
          <accessor source="#Armature_Hand_L_pose_matrix-interpolation-array" count="3" stride="1">
            <param name="INTERPOLATION" type="name"/>
          </accessor>
        </technique_common>
      </source>
      <sampler id="Armature_Hand_L_pose_matrix-sampler">
        <input semantic="INPUT" source="#Armature_Hand_L_pose_matrix-input"/>
        <input semantic="OUTPUT" source="#Armature_Hand_L_pose_matrix-output"/>
        <input semantic="INTERPOLATION" source="#Armature_Hand_L_pose_matrix-interpolation"/>
      </sampler>
      <channel source="#Armature_Hand_L_pose_matrix-sampler" target="Hand_L/transform"/>
    </animation>
    <animation id="Armature_Head_pose_matrix">
      <source id="Armature_Head_pose_matrix-input">
        <float_array id="Armature_Head_pose_matrix-input-array" count="3">0 0.08333331 0.2916666</float_array>
        <technique_common>
          <accessor source="#Armature_Head_pose_matrix-input-array" count="3" stride="1">
            <param name="TIME" type="float"/>
          </accessor>
        </technique_common>
      </source>
      <source id="Armature_Head_pose_matrix-output">
        <float_array id="Armature_Head_pose_matrix-output-array" count="48">0.7470436 0 -0.664775 0 0 1 -2.98023e-8 1.862337 0.664775 1.49012e-8 0.7470437 1.49012e-8 0 0 0 1 0.8816832 0.02885664 -0.4709586 0 -0.01726413 0.9994328 0.02891701 1.862337 0.4715257 -0.01736498 0.8816813 1.49012e-8 0 0 0 1 0.1601021 -0.1322128 0.9782061 0 -0.379768 0.9064615 0.1846722 1.862337 -0.9111221 -0.4010577 0.09491608 1.49012e-8 0 0 0 1</float_array>
        <technique_common>
          <accessor source="#Armature_Head_pose_matrix-output-array" count="3" stride="16">
            <param name="TRANSFORM" type="float4x4"/>
          </accessor>
        </technique_common>
      </source>
      <source id="Armature_Head_pose_matrix-interpolation">
        <Name_array id="Armature_Head_pose_matrix-interpolation-array" count="3">LINEAR LINEAR LINEAR</Name_array>
        <technique_common>
          <accessor source="#Armature_Head_pose_matrix-interpolation-array" count="3" stride="1">
            <param name="INTERPOLATION" type="name"/>
          </accessor>
        </technique_common>
      </source>
      <sampler id="Armature_Head_pose_matrix-sampler">
        <input semantic="INPUT" source="#Armature_Head_pose_matrix-input"/>
        <input semantic="OUTPUT" source="#Armature_Head_pose_matrix-output"/>
        <input semantic="INTERPOLATION" source="#Armature_Head_pose_matrix-interpolation"/>
      </sampler>
      <channel source="#Armature_Head_pose_matrix-sampler" target="Head/transform"/>
    </animation>
    <animation id="Armature_Leg_R_pose_matrix">
      <source id="Armature_Leg_R_pose_matrix-input">
        <float_array id="Armature_Leg_R_pose_matrix-input-array" count="3">0 0.08333331 0.2916666</float_array>
        <technique_common>
          <accessor source="#Armature_Leg_R_pose_matrix-input-array" count="3" stride="1">
            <param name="TIME" type="float"/>
          </accessor>
        </technique_common>
      </source>
      <source id="Armature_Leg_R_pose_matrix-output">
        <float_array id="Armature_Leg_R_pose_matrix-output-array" count="48">-0.8861133 -0.3764513 0.2703461 -0.4006687 0.3600665 -0.9264364 -0.1098534 -0.4430382 0.2918128 -5.96046e-8 0.9564754 -4.76837e-7 0 0 0 1 -0.8861133 -0.3764513 0.2703461 -0.4006687 0.3600665 -0.9264364 -0.1098534 -0.4430382 0.2918128 -5.96046e-8 0.9564754 -4.76837e-7 0 0 0 1 -0.8861133 -0.3764513 0.2703461 -0.4006687 0.3600665 -0.9264364 -0.1098534 -0.4430382 0.2918128 -5.96046e-8 0.9564754 -4.76837e-7 0 0 0 1</float_array>
        <technique_common>
          <accessor source="#Armature_Leg_R_pose_matrix-output-array" count="3" stride="16">
            <param name="TRANSFORM" type="float4x4"/>
          </accessor>
        </technique_common>
      </source>
      <source id="Armature_Leg_R_pose_matrix-interpolation">
        <Name_array id="Armature_Leg_R_pose_matrix-interpolation-array" count="3">LINEAR LINEAR LINEAR</Name_array>
        <technique_common>
          <accessor source="#Armature_Leg_R_pose_matrix-interpolation-array" count="3" stride="1">
            <param name="INTERPOLATION" type="name"/>
          </accessor>
        </technique_common>
      </source>
      <sampler id="Armature_Leg_R_pose_matrix-sampler">
        <input semantic="INPUT" source="#Armature_Leg_R_pose_matrix-input"/>
        <input semantic="OUTPUT" source="#Armature_Leg_R_pose_matrix-output"/>
        <input semantic="INTERPOLATION" source="#Armature_Leg_R_pose_matrix-interpolation"/>
      </sampler>
      <channel source="#Armature_Leg_R_pose_matrix-sampler" target="Leg_R/transform"/>
    </animation>
    <animation id="Armature_Calf_R_pose_matrix">
      <source id="Armature_Calf_R_pose_matrix-input">
        <float_array id="Armature_Calf_R_pose_matrix-input-array" count="3">0 0.08333331 0.2916666</float_array>
        <technique_common>
          <accessor source="#Armature_Calf_R_pose_matrix-input-array" count="3" stride="1">
            <param name="TIME" type="float"/>
          </accessor>
        </technique_common>
      </source>
      <source id="Armature_Calf_R_pose_matrix-output">
        <float_array id="Armature_Calf_R_pose_matrix-output-array" count="48">-0.8861137 -0.3866758 -0.2555082 -0.003251672 -0.3764515 0.9220667 -0.08986938 1.441581 0.270346 0.01655206 -0.962621 9.92298e-4 0 0 0 1 -0.8861137 -0.3866758 -0.2555082 -0.003251672 -0.3764515 0.9220667 -0.08986938 1.441581 0.270346 0.01655206 -0.962621 9.92298e-4 0 0 0 1 -0.8861137 -0.3866758 -0.2555082 -0.003251672 -0.3764515 0.9220667 -0.08986938 1.441581 0.270346 0.01655206 -0.962621 9.92298e-4 0 0 0 1</float_array>
        <technique_common>
          <accessor source="#Armature_Calf_R_pose_matrix-output-array" count="3" stride="16">
            <param name="TRANSFORM" type="float4x4"/>
          </accessor>
        </technique_common>
      </source>
      <source id="Armature_Calf_R_pose_matrix-interpolation">
        <Name_array id="Armature_Calf_R_pose_matrix-interpolation-array" count="3">LINEAR LINEAR LINEAR</Name_array>
        <technique_common>
          <accessor source="#Armature_Calf_R_pose_matrix-interpolation-array" count="3" stride="1">
            <param name="INTERPOLATION" type="name"/>
          </accessor>
        </technique_common>
      </source>
      <sampler id="Armature_Calf_R_pose_matrix-sampler">
        <input semantic="INPUT" source="#Armature_Calf_R_pose_matrix-input"/>
        <input semantic="OUTPUT" source="#Armature_Calf_R_pose_matrix-output"/>
        <input semantic="INTERPOLATION" source="#Armature_Calf_R_pose_matrix-interpolation"/>
      </sampler>
      <channel source="#Armature_Calf_R_pose_matrix-sampler" target="Calf_R/transform"/>
    </animation>
    <animation id="Armature_Foot_R_pose_matrix">
      <source id="Armature_Foot_R_pose_matrix-input">
        <float_array id="Armature_Foot_R_pose_matrix-input-array" count="3">0 0.08333331 0.2916666</float_array>
        <technique_common>
          <accessor source="#Armature_Foot_R_pose_matrix-input-array" count="3" stride="1">
            <param name="TIME" type="float"/>
          </accessor>
        </technique_common>
      </source>
      <source id="Armature_Foot_R_pose_matrix-output">
        <float_array id="Armature_Foot_R_pose_matrix-output-array" count="48">-1 -1.63913e-7 2.93553e-6 1.19209e-7 -2.92063e-6 -0.02647212 -0.9996495 1.373583 2.16067e-7 -0.9996494 0.02647221 0 0 0 0 1 -1 -1.63913e-7 2.93553e-6 1.19209e-7 -2.92063e-6 -0.02647212 -0.9996495 1.373583 2.16067e-7 -0.9996494 0.02647221 0 0 0 0 1 -1 -1.63913e-7 2.93553e-6 1.19209e-7 -2.92063e-6 -0.02647212 -0.9996495 1.373583 2.16067e-7 -0.9996494 0.02647221 0 0 0 0 1</float_array>
        <technique_common>
          <accessor source="#Armature_Foot_R_pose_matrix-output-array" count="3" stride="16">
            <param name="TRANSFORM" type="float4x4"/>
          </accessor>
        </technique_common>
      </source>
      <source id="Armature_Foot_R_pose_matrix-interpolation">
        <Name_array id="Armature_Foot_R_pose_matrix-interpolation-array" count="3">LINEAR LINEAR LINEAR</Name_array>
        <technique_common>
          <accessor source="#Armature_Foot_R_pose_matrix-interpolation-array" count="3" stride="1">
            <param name="INTERPOLATION" type="name"/>
          </accessor>
        </technique_common>
      </source>
      <sampler id="Armature_Foot_R_pose_matrix-sampler">
        <input semantic="INPUT" source="#Armature_Foot_R_pose_matrix-input"/>
        <input semantic="OUTPUT" source="#Armature_Foot_R_pose_matrix-output"/>
        <input semantic="INTERPOLATION" source="#Armature_Foot_R_pose_matrix-interpolation"/>
      </sampler>
      <channel source="#Armature_Foot_R_pose_matrix-sampler" target="Foot_R/transform"/>
    </animation>
    <animation id="Armature_Leg_L_pose_matrix">
      <source id="Armature_Leg_L_pose_matrix-input">
        <float_array id="Armature_Leg_L_pose_matrix-input-array" count="3">0 0.08333331 0.2916666</float_array>
        <technique_common>
          <accessor source="#Armature_Leg_L_pose_matrix-input-array" count="3" stride="1">
            <param name="TIME" type="float"/>
          </accessor>
        </technique_common>
      </source>
      <source id="Armature_Leg_L_pose_matrix-output">
        <float_array id="Armature_Leg_L_pose_matrix-output-array" count="48">-0.1616978 0.3764514 -0.9122159 0.4006687 -0.06570494 -0.9264363 -0.370673 -0.4430382 -0.98465 -2.98023e-8 0.1745376 -3.57628e-7 0 0 0 1 -0.1616978 0.3764514 -0.9122159 0.4006687 -0.06570494 -0.9264363 -0.370673 -0.4430382 -0.98465 -2.98023e-8 0.1745376 -3.57628e-7 0 0 0 1 -0.1616978 0.3764514 -0.9122159 0.4006687 -0.06570494 -0.9264363 -0.370673 -0.4430382 -0.98465 -2.98023e-8 0.1745376 -3.57628e-7 0 0 0 1</float_array>
        <technique_common>
          <accessor source="#Armature_Leg_L_pose_matrix-output-array" count="3" stride="16">
            <param name="TRANSFORM" type="float4x4"/>
          </accessor>
        </technique_common>
      </source>
      <source id="Armature_Leg_L_pose_matrix-interpolation">
        <Name_array id="Armature_Leg_L_pose_matrix-interpolation-array" count="3">LINEAR LINEAR LINEAR</Name_array>
        <technique_common>
          <accessor source="#Armature_Leg_L_pose_matrix-interpolation-array" count="3" stride="1">
            <param name="INTERPOLATION" type="name"/>
          </accessor>
        </technique_common>
      </source>
      <sampler id="Armature_Leg_L_pose_matrix-sampler">
        <input semantic="INPUT" source="#Armature_Leg_L_pose_matrix-input"/>
        <input semantic="OUTPUT" source="#Armature_Leg_L_pose_matrix-output"/>
        <input semantic="INTERPOLATION" source="#Armature_Leg_L_pose_matrix-interpolation"/>
      </sampler>
      <channel source="#Armature_Leg_L_pose_matrix-sampler" target="Leg_L/transform"/>
    </animation>
    <animation id="Armature_Calf_L_pose_matrix">
      <source id="Armature_Calf_L_pose_matrix-input">
        <float_array id="Armature_Calf_L_pose_matrix-input-array" count="3">0 0.08333331 0.2916666</float_array>
        <technique_common>
          <accessor source="#Armature_Calf_L_pose_matrix-input-array" count="3" stride="1">
            <param name="TIME" type="float"/>
          </accessor>
        </technique_common>
      </source>
      <source id="Armature_Calf_L_pose_matrix-output">
        <float_array id="Armature_Calf_L_pose_matrix-output-array" count="48">-0.1616979 0.1609115 0.9736331 5.93305e-4 0.3764514 0.9220669 -0.08986938 1.441581 -0.9122161 0.3519937 -0.2096718 0.003347397 0 0 0 1 -0.1616979 0.1609115 0.9736331 5.93305e-4 0.3764514 0.9220669 -0.08986938 1.441581 -0.9122161 0.3519937 -0.2096718 0.003347397 0 0 0 1 -0.1616979 0.1609115 0.9736331 5.93305e-4 0.3764514 0.9220669 -0.08986938 1.441581 -0.9122161 0.3519937 -0.2096718 0.003347397 0 0 0 1</float_array>
        <technique_common>
          <accessor source="#Armature_Calf_L_pose_matrix-output-array" count="3" stride="16">
            <param name="TRANSFORM" type="float4x4"/>
          </accessor>
        </technique_common>
      </source>
      <source id="Armature_Calf_L_pose_matrix-interpolation">
        <Name_array id="Armature_Calf_L_pose_matrix-interpolation-array" count="3">LINEAR LINEAR LINEAR</Name_array>
        <technique_common>
          <accessor source="#Armature_Calf_L_pose_matrix-interpolation-array" count="3" stride="1">
            <param name="INTERPOLATION" type="name"/>
          </accessor>
        </technique_common>
      </source>
      <sampler id="Armature_Calf_L_pose_matrix-sampler">
        <input semantic="INPUT" source="#Armature_Calf_L_pose_matrix-input"/>
        <input semantic="OUTPUT" source="#Armature_Calf_L_pose_matrix-output"/>
        <input semantic="INTERPOLATION" source="#Armature_Calf_L_pose_matrix-interpolation"/>
      </sampler>
      <channel source="#Armature_Calf_L_pose_matrix-sampler" target="Calf_L/transform"/>
    </animation>
    <animation id="Armature_Foot_L_pose_matrix">
      <source id="Armature_Foot_L_pose_matrix-input">
        <float_array id="Armature_Foot_L_pose_matrix-input-array" count="3">0 0.08333331 0.2916666</float_array>
        <technique_common>
          <accessor source="#Armature_Foot_L_pose_matrix-input-array" count="3" stride="1">
            <param name="TIME" type="float"/>
          </accessor>
        </technique_common>
      </source>
      <source id="Armature_Foot_L_pose_matrix-output">
        <float_array id="Armature_Foot_L_pose_matrix-output-array" count="48">-1 7.45058e-8 2.89083e-6 -5.96046e-8 -2.86102e-6 -0.02647218 -0.9996496 1.373583 7.45058e-9 -0.9996494 0.02647233 -2.38419e-7 0 0 0 1 -1 7.45058e-8 2.89083e-6 -5.96046e-8 -2.86102e-6 -0.02647218 -0.9996496 1.373583 7.45058e-9 -0.9996494 0.02647233 -2.38419e-7 0 0 0 1 -1 7.45058e-8 2.89083e-6 -5.96046e-8 -2.86102e-6 -0.02647218 -0.9996496 1.373583 7.45058e-9 -0.9996494 0.02647233 -2.38419e-7 0 0 0 1</float_array>
        <technique_common>
          <accessor source="#Armature_Foot_L_pose_matrix-output-array" count="3" stride="16">
            <param name="TRANSFORM" type="float4x4"/>
          </accessor>
        </technique_common>
      </source>
      <source id="Armature_Foot_L_pose_matrix-interpolation">
        <Name_array id="Armature_Foot_L_pose_matrix-interpolation-array" count="3">LINEAR LINEAR LINEAR</Name_array>
        <technique_common>
          <accessor source="#Armature_Foot_L_pose_matrix-interpolation-array" count="3" stride="1">
            <param name="INTERPOLATION" type="name"/>
          </accessor>
        </technique_common>
      </source>
      <sampler id="Armature_Foot_L_pose_matrix-sampler">
        <input semantic="INPUT" source="#Armature_Foot_L_pose_matrix-input"/>
        <input semantic="OUTPUT" source="#Armature_Foot_L_pose_matrix-output"/>
        <input semantic="INTERPOLATION" source="#Armature_Foot_L_pose_matrix-interpolation"/>
      </sampler>
      <channel source="#Armature_Foot_L_pose_matrix-sampler" target="Foot_L/transform"/>
    </animation>
  </library_animations>
  <library_controllers/>
  <library_visual_scenes>
    <visual_scene id="Scene" name="Scene">
      <node id="Armature" name="Armature" type="NODE">
        <translate sid="location">0 0 0</translate>
        <rotate sid="rotationZ">0 0 1 0</rotate>
        <rotate sid="rotationY">0 1 0 0</rotate>
        <rotate sid="rotationX">1 0 0 0</rotate>
        <scale sid="scale">1 1 1</scale>
        <node id="Root" name="Root" sid="Root" type="JOINT">
          <matrix sid="transform">1 0 0 1.78814e-7 0 0 -1 0.03949894 0 1 0 3.350116 0 0 0 1</matrix>
          <node id="Chest" name="Chest" sid="Chest" type="JOINT">
            <matrix sid="transform">1 0 0 0 0 1 -9.31323e-10 1.5 0 1.86265e-9 1 3.72529e-9 0 0 0 1</matrix>
            <node id="Shoulder_R" name="Shoulder.R" sid="Shoulder_R" type="JOINT">
              <matrix sid="transform">-0.5302184 -0.5637429 0.6332943 -1.23755 0.361895 -0.8259502 -0.4322478 1.410514 0.7667458 4.93807e-10 0.6419502 -3.61353e-7 0 0 0 1</matrix>
              <node id="Arm_R" name="Arm.R" sid="Arm_R" type="JOINT">
                <matrix sid="transform">-0.5465879 -0.3375724 -0.7663461 -0.005606174 -0.5258542 0.8505746 3.85417e-4 1.734319 0.6517043 0.4031969 -0.6424276 0.006695509 0 0 0 1</matrix>
                <node id="Hand_R" name="Hand.R" sid="Hand_R" type="JOINT">
                  <matrix sid="transform">0.9989787 0.04517593 7.33255e-4 -2.38419e-7 -0.04517607 0.9989789 -1.27939e-7 2.074412 -7.3251e-4 -3.29982e-5 0.9999998 0 0 0 0 1</matrix>
                </node>
              </node>
            </node>
            <node id="Shoulder_L" name="Shoulder.L" sid="Shoulder_L" type="JOINT">
              <matrix sid="transform">0.3000427 0.5637428 -0.7695246 1.23755 0.2047903 -0.8259501 -0.5252302 1.410514 -0.9316833 -3.00818e-8 -0.3632697 -3.61353e-7 0 0 0 1</matrix>
              <node id="Arm_L" name="Arm.L" sid="Arm_L" type="JOINT">
                <matrix sid="transform">0.1368099 -0.191027 0.9720041 -0.00317204 0.5173206 0.8505748 0.09434948 1.734318 -0.8447855 0.48993 0.2151893 0.008135319 0 0 0 1</matrix>
                <node id="Hand_L" name="Hand.L" sid="Hand_L" type="JOINT">
                  <matrix sid="transform">0.982768 -0.04444284 -0.1794212 0 0.04517607 0.9989789 1.31075e-8 2.074411 0.179238 -0.008105549 0.9837725 2.98023e-8 0 0 0 1</matrix>
                </node>
              </node>
            </node>
            <node id="Head" name="Head" sid="Head" type="JOINT">
              <matrix sid="transform">1 0 0 0 0 1 9.31323e-10 1.862337 0 -9.31323e-10 1 -3.72529e-9 0 0 0 1</matrix>
            </node>
          </node>
          <node id="Leg_R" name="Leg.R" sid="Leg_R" type="JOINT">
            <matrix sid="transform">-0.8861132 -0.3764514 0.2703461 -0.4006687 0.3600665 -0.9264364 -0.1098534 -0.4430382 0.2918128 -1.68807e-9 0.9564754 -3.53903e-7 0 0 0 1</matrix>
            <node id="Calf_R" name="Calf.R" sid="Calf_R" type="JOINT">
              <matrix sid="transform">-0.8861135 -0.3866758 -0.2555082 -0.003251791 -0.3764515 0.9220668 -0.08986935 1.441581 0.270346 0.01655201 -0.962621 9.9206e-4 0 0 0 1</matrix>
              <node id="Foot_R" name="Foot.R" sid="Foot_R" type="JOINT">
                <matrix sid="transform">-1 -1.79106e-7 2.9945e-6 0 -2.95149e-6 -0.02647217 -0.9996496 1.373583 2.57083e-7 -0.9996493 0.02647225 -2.98023e-8 0 0 0 1</matrix>
              </node>
            </node>
          </node>
          <node id="Leg_L" name="Leg.L" sid="Leg_L" type="JOINT">
            <matrix sid="transform">-0.1616978 0.3764514 -0.912216 0.4006687 -0.065705 -0.9264363 -0.370673 -0.4430382 -0.9846501 -1.0134e-9 0.1745376 -3.53903e-7 0 0 0 1</matrix>
            <node id="Calf_L" name="Calf.L" sid="Calf_L" type="JOINT">
              <matrix sid="transform">-0.1616979 0.1609115 0.9736331 5.93394e-4 0.3764515 0.9220671 -0.08986941 1.441581 -0.912216 0.3519938 -0.2096717 0.003347754 0 0 0 1</matrix>
              <node id="Foot_L" name="Foot.L" sid="Foot_L" type="JOINT">
                <matrix sid="transform">-1 9.73788e-8 2.85863e-6 5.96046e-8 -2.91014e-6 -0.0264721 -0.9996496 1.373583 -2.3796e-8 -0.9996494 0.02647223 -1.49012e-8 0 0 0 1</matrix>
              </node>
            </node>
          </node>
        </node>
      </node>
    </visual_scene>
  </library_visual_scenes>
  <scene>
    <instance_visual_scene url="#Scene"/>
  </scene>
</COLLADA>