<?xml version="1.0" encoding="utf-8"?>
<COLLADA xmlns="http://www.collada.org/2005/11/COLLADASchema" version="1.4.1">
  <asset>
    <contributor>
      <author>Blender User</author>
      <authoring_tool>Blender 2.77.0 commit date:2016-04-05, commit time:18:12, hash:abf6f08</authoring_tool>
    </contributor>
    <created>2017-05-17T21:23:16</created>
    <modified>2017-05-17T21:23:16</modified>
    <unit name="meter" meter="1"/>
    <up_axis>Z_UP</up_axis>
  </asset>
  <library_images/>
  <library_animations>
    <animation id="Armature_Root_pose_matrix">
      <source id="Armature_Root_pose_matrix-input">
        <float_array id="Armature_Root_pose_matrix-input-array" count="3">0 0.4166666 0.8333333</float_array>
        <technique_common>
          <accessor source="#Armature_Root_pose_matrix-input-array" count="3" stride="1">
            <param name="TIME" type="float"/>
          </accessor>
        </technique_common>
      </source>
      <source id="Armature_Root_pose_matrix-output">
        <float_array id="Armature_Root_pose_matrix-output-array" count="48">0.999987 0.005029412 -8.66289e-4 0.03151637 -0.00453491 0.9535476 0.3012082 -0.6690393 0.002340948 -0.3012003 0.953558 1.501007 0 0 0 1 0.999987 0.005029412 -8.66289e-4 0.03151637 -0.00453491 0.9535476 0.3012082 -0.6690393 0.002340948 -0.3012003 0.953558 1.501007 0 0 0 1 0.999987 0.005029412 -8.66289e-4 0.03151637 -0.00453491 0.9535476 0.3012082 -0.6690393 0.002340948 -0.3012003 0.953558 1.501007 0 0 0 1</float_array>
        <technique_common>
          <accessor source="#Armature_Root_pose_matrix-output-array" count="3" stride="16">
            <param name="TRANSFORM" type="float4x4"/>
          </accessor>
        </technique_common>
      </source>
      <source id="Armature_Root_pose_matrix-interpolation">
        <Name_array id="Armature_Root_pose_matrix-interpolation-array" count="3">LINEAR LINEAR LINEAR</Name_array>
        <technique_common>
          <accessor source="#Armature_Root_pose_matrix-interpolation-array" count="3" stride="1">
            <param name="INTERPOLATION" type="name"/>
          </accessor>
        </technique_common>
      </source>
      <sampler id="Armature_Root_pose_matrix-sampler">
        <input semantic="INPUT" source="#Armature_Root_pose_matrix-input"/>
        <input semantic="OUTPUT" source="#Armature_Root_pose_matrix-output"/>
        <input semantic="INTERPOLATION" source="#Armature_Root_pose_matrix-interpolation"/>
      </sampler>
      <channel source="#Armature_Root_pose_matrix-sampler" target="Root/transform"/>
    </animation>
    <animation id="Armature_BackRightLeg_pose_matrix">
      <source id="Armature_BackRightLeg_pose_matrix-input">
        <float_array id="Armature_BackRightLeg_pose_matrix-input-array" count="3">0 0.4166666 0.8333333</float_array>
        <technique_common>
          <accessor source="#Armature_BackRightLeg_pose_matrix-input-array" count="3" stride="1">
            <param name="TIME" type="float"/>
          </accessor>
        </technique_common>
      </source>
      <source id="Armature_BackRightLeg_pose_matrix-output">
        <float_array id="Armature_BackRightLeg_pose_matrix-output-array" count="48">0.9801952 -0.09052474 0.1761324 -0.4723456 -0.05186426 0.7410161 0.6694813 1.213614 -0.1911216 -0.6653575 0.7216454 -0.1037778 0 0 0 1 0.9990202 0.04199581 0.01397141 -0.4723456 -0.01224626 -0.04105943 0.9990816 1.213614 0.04253089 -0.9982737 -0.04050499 -0.1037778 0 0 0 1 0.9801952 -0.09052474 0.1761324 -0.4723456 -0.05186426 0.7410161 0.6694813 1.213614 -0.1911216 -0.6653575 0.7216454 -0.1037778 0 0 0 1</float_array>
        <technique_common>
          <accessor source="#Armature_BackRightLeg_pose_matrix-output-array" count="3" stride="16">
            <param name="TRANSFORM" type="float4x4"/>
          </accessor>
        </technique_common>
      </source>
      <source id="Armature_BackRightLeg_pose_matrix-interpolation">
        <Name_array id="Armature_BackRightLeg_pose_matrix-interpolation-array" count="3">LINEAR LINEAR LINEAR</Name_array>
        <technique_common>
          <accessor source="#Armature_BackRightLeg_pose_matrix-interpolation-array" count="3" stride="1">
            <param name="INTERPOLATION" type="name"/>
          </accessor>
        </technique_common>
      </source>
      <sampler id="Armature_BackRightLeg_pose_matrix-sampler">
        <input semantic="INPUT" source="#Armature_BackRightLeg_pose_matrix-input"/>
        <input semantic="OUTPUT" source="#Armature_BackRightLeg_pose_matrix-output"/>
        <input semantic="INTERPOLATION" source="#Armature_BackRightLeg_pose_matrix-interpolation"/>
      </sampler>
      <channel source="#Armature_BackRightLeg_pose_matrix-sampler" target="BackRightLeg/transform"/>
    </animation>
    <animation id="Armature_BackRightFoot_pose_matrix">
      <source id="Armature_BackRightFoot_pose_matrix-input">
        <float_array id="Armature_BackRightFoot_pose_matrix-input-array" count="3">0 0.4166666 0.8333333</float_array>
        <technique_common>
          <accessor source="#Armature_BackRightFoot_pose_matrix-input-array" count="3" stride="1">
            <param name="TIME" type="float"/>
          </accessor>
        </technique_common>
      </source>
      <source id="Armature_BackRightFoot_pose_matrix-output">
        <float_array id="Armature_BackRightFoot_pose_matrix-output-array" count="48">0.9998901 0.01204779 0.008653805 0 -0.007482722 0.9133844 -0.4070297 0.444795 -0.01280803 0.40692 0.9133739 5.96046e-8 0 0 0 1 0.9911254 0.1326043 -0.0093215 0 -0.1280529 0.9712236 0.2008165 0.444795 0.03568238 -0.1978407 0.9795845 5.96046e-8 0 0 0 1 0.9998901 0.01204779 0.008653805 0 -0.007482722 0.9133844 -0.4070297 0.444795 -0.01280803 0.40692 0.9133739 5.96046e-8 0 0 0 1</float_array>
        <technique_common>
          <accessor source="#Armature_BackRightFoot_pose_matrix-output-array" count="3" stride="16">
            <param name="TRANSFORM" type="float4x4"/>
          </accessor>
        </technique_common>
      </source>
      <source id="Armature_BackRightFoot_pose_matrix-interpolation">
        <Name_array id="Armature_BackRightFoot_pose_matrix-interpolation-array" count="3">LINEAR LINEAR LINEAR</Name_array>
        <technique_common>
          <accessor source="#Armature_BackRightFoot_pose_matrix-interpolation-array" count="3" stride="1">
            <param name="INTERPOLATION" type="name"/>
          </accessor>
        </technique_common>
      </source>
      <sampler id="Armature_BackRightFoot_pose_matrix-sampler">
        <input semantic="INPUT" source="#Armature_BackRightFoot_pose_matrix-input"/>
        <input semantic="OUTPUT" source="#Armature_BackRightFoot_pose_matrix-output"/>
        <input semantic="INTERPOLATION" source="#Armature_BackRightFoot_pose_matrix-interpolation"/>
      </sampler>
      <channel source="#Armature_BackRightFoot_pose_matrix-sampler" target="BackRightFoot/transform"/>
    </animation>
    <animation id="Armature_FrontRightLeg_pose_matrix">
      <source id="Armature_FrontRightLeg_pose_matrix-input">
        <float_array id="Armature_FrontRightLeg_pose_matrix-input-array" count="3">0 0.4166666 0.8333333</float_array>
        <technique_common>
          <accessor source="#Armature_FrontRightLeg_pose_matrix-input-array" count="3" stride="1">
            <param name="TIME" type="float"/>
          </accessor>
        </technique_common>
      </source>
      <source id="Armature_FrontRightLeg_pose_matrix-output">
        <float_array id="Armature_FrontRightLeg_pose_matrix-output-array" count="48">0.9984319 0.05593714 -0.002214598 -0.4651938 0.0382407 -0.6526058 0.7567319 0.2275361 0.04088418 -0.7556301 -0.6537215 -0.3276373 0 0 0 1 0.9816647 -0.08751433 0.1693396 -0.4651938 -0.1276861 0.3577095 0.9250621 0.2275361 -0.1415306 -0.9297231 0.3399766 -0.3276373 0 0 0 1 0.9984319 0.05593714 -0.002214598 -0.4651938 0.0382407 -0.6526058 0.7567319 0.2275361 0.04088418 -0.7556301 -0.6537215 -0.3276373 0 0 0 1</float_array>
        <technique_common>
          <accessor source="#Armature_FrontRightLeg_pose_matrix-output-array" count="3" stride="16">
            <param name="TRANSFORM" type="float4x4"/>
          </accessor>
        </technique_common>
      </source>
      <source id="Armature_FrontRightLeg_pose_matrix-interpolation">
        <Name_array id="Armature_FrontRightLeg_pose_matrix-interpolation-array" count="3">LINEAR LINEAR LINEAR</Name_array>
        <technique_common>
          <accessor source="#Armature_FrontRightLeg_pose_matrix-interpolation-array" count="3" stride="1">
            <param name="INTERPOLATION" type="name"/>
          </accessor>
        </technique_common>
      </source>
      <sampler id="Armature_FrontRightLeg_pose_matrix-sampler">
        <input semantic="INPUT" source="#Armature_FrontRightLeg_pose_matrix-input"/>
        <input semantic="OUTPUT" source="#Armature_FrontRightLeg_pose_matrix-output"/>
        <input semantic="INTERPOLATION" source="#Armature_FrontRightLeg_pose_matrix-interpolation"/>
      </sampler>
      <channel source="#Armature_FrontRightLeg_pose_matrix-sampler" target="FrontRightLeg/transform"/>
    </animation>
    <animation id="Armature_FrontRightFoot_pose_matrix">
      <source id="Armature_FrontRightFoot_pose_matrix-input">
        <float_array id="Armature_FrontRightFoot_pose_matrix-input-array" count="3">0 0.4166666 0.8333333</float_array>
        <technique_common>
          <accessor source="#Armature_FrontRightFoot_pose_matrix-input-array" count="3" stride="1">
            <param name="TIME" type="float"/>
          </accessor>
        </technique_common>
      </source>
      <source id="Armature_FrontRightFoot_pose_matrix-output">
        <float_array id="Armature_FrontRightFoot_pose_matrix-output-array" count="48">0.9988176 0.0197628 0.04441372 2.98023e-8 -0.002709527 0.9348456 -0.3550447 0.4920017 -0.04853661 0.3545047 0.9337938 1.19209e-7 0 0 0 1 0.9960572 -0.06251193 0.06294561 2.98023e-8 0.08851042 0.7481357 -0.6576161 0.4920017 -0.005982974 0.6605947 0.7507188 1.19209e-7 0 0 0 1 0.9988176 0.0197628 0.04441372 2.98023e-8 -0.002709527 0.9348456 -0.3550447 0.4920017 -0.04853661 0.3545047 0.9337938 1.19209e-7 0 0 0 1</float_array>
        <technique_common>
          <accessor source="#Armature_FrontRightFoot_pose_matrix-output-array" count="3" stride="16">
            <param name="TRANSFORM" type="float4x4"/>
          </accessor>
        </technique_common>
      </source>
      <source id="Armature_FrontRightFoot_pose_matrix-interpolation">
        <Name_array id="Armature_FrontRightFoot_pose_matrix-interpolation-array" count="3">LINEAR LINEAR LINEAR</Name_array>
        <technique_common>
          <accessor source="#Armature_FrontRightFoot_pose_matrix-interpolation-array" count="3" stride="1">
            <param name="INTERPOLATION" type="name"/>
          </accessor>
        </technique_common>
      </source>
      <sampler id="Armature_FrontRightFoot_pose_matrix-sampler">
        <input semantic="INPUT" source="#Armature_FrontRightFoot_pose_matrix-input"/>
        <input semantic="OUTPUT" source="#Armature_FrontRightFoot_pose_matrix-output"/>
        <input semantic="INTERPOLATION" source="#Armature_FrontRightFoot_pose_matrix-interpolation"/>
      </sampler>
      <channel source="#Armature_FrontRightFoot_pose_matrix-sampler" target="FrontRightFoot/transform"/>
    </animation>
    <animation id="Armature_BackLeftLeg_pose_matrix">
      <source id="Armature_BackLeftLeg_pose_matrix-input">
        <float_array id="Armature_BackLeftLeg_pose_matrix-input-array" count="3">0 0.4166666 0.8333333</float_array>
        <technique_common>
          <accessor source="#Armature_BackLeftLeg_pose_matrix-input-array" count="3" stride="1">
            <param name="TIME" type="float"/>
          </accessor>
        </technique_common>
      </source>
      <source id="Armature_BackLeftLeg_pose_matrix-output">
        <float_array id="Armature_BackLeftLeg_pose_matrix-output-array" count="48">0.7464756 -0.07504062 -0.6611681 0.4077883 0.649763 -0.1320255 0.7485834 1.218041 -0.1434651 -0.9884018 -0.04979515 -0.1045403 0 0 0 1 0.6361482 0.06847608 -0.7685223 0.4077883 0.4823594 0.7421142 0.4653984 1.218041 0.6022 -0.6667662 0.4390645 -0.1045403 0 0 0 1 0.7464756 -0.07504062 -0.6611681 0.4077883 0.649763 -0.1320255 0.7485834 1.218041 -0.1434651 -0.9884018 -0.04979515 -0.1045403 0 0 0 1</float_array>
        <technique_common>
          <accessor source="#Armature_BackLeftLeg_pose_matrix-output-array" count="3" stride="16">
            <param name="TRANSFORM" type="float4x4"/>
          </accessor>
        </technique_common>
      </source>
      <source id="Armature_BackLeftLeg_pose_matrix-interpolation">
        <Name_array id="Armature_BackLeftLeg_pose_matrix-interpolation-array" count="3">LINEAR LINEAR LINEAR</Name_array>
        <technique_common>
          <accessor source="#Armature_BackLeftLeg_pose_matrix-interpolation-array" count="3" stride="1">
            <param name="INTERPOLATION" type="name"/>
          </accessor>
        </technique_common>
      </source>
      <sampler id="Armature_BackLeftLeg_pose_matrix-sampler">
        <input semantic="INPUT" source="#Armature_BackLeftLeg_pose_matrix-input"/>
        <input semantic="OUTPUT" source="#Armature_BackLeftLeg_pose_matrix-output"/>
        <input semantic="INTERPOLATION" source="#Armature_BackLeftLeg_pose_matrix-interpolation"/>
      </sampler>
      <channel source="#Armature_BackLeftLeg_pose_matrix-sampler" target="BackLeftLeg/transform"/>
    </animation>
    <animation id="Armature_BackLeftFoot_pose_matrix">
      <source id="Armature_BackLeftFoot_pose_matrix-input">
        <float_array id="Armature_BackLeftFoot_pose_matrix-input-array" count="3">0 0.4166666 0.8333333</float_array>
        <technique_common>
          <accessor source="#Armature_BackLeftFoot_pose_matrix-input-array" count="3" stride="1">
            <param name="TIME" type="float"/>
          </accessor>
        </technique_common>
      </source>
      <source id="Armature_BackLeftFoot_pose_matrix-output">
        <float_array id="Armature_BackLeftFoot_pose_matrix-output-array" count="48">0.9364944 0.04002661 0.3483908 -8.9407e-8 -0.06340295 0.9964183 0.05595225 0.4385216 -0.3449033 -0.07448798 0.935678 0 0 0 0 1 0.9304398 0.2803081 0.2360278 -8.9407e-8 -0.2340976 0.9502141 -0.2056493 0.4385216 -0.2819221 0.1360908 0.9497365 0 0 0 0 1 0.9364944 0.04002661 0.3483908 -8.9407e-8 -0.06340295 0.9964183 0.05595225 0.4385216 -0.3449033 -0.07448798 0.935678 0 0 0 0 1</float_array>
        <technique_common>
          <accessor source="#Armature_BackLeftFoot_pose_matrix-output-array" count="3" stride="16">
            <param name="TRANSFORM" type="float4x4"/>
          </accessor>
        </technique_common>
      </source>
      <source id="Armature_BackLeftFoot_pose_matrix-interpolation">
        <Name_array id="Armature_BackLeftFoot_pose_matrix-interpolation-array" count="3">LINEAR LINEAR LINEAR</Name_array>
        <technique_common>
          <accessor source="#Armature_BackLeftFoot_pose_matrix-interpolation-array" count="3" stride="1">
            <param name="INTERPOLATION" type="name"/>
          </accessor>
        </technique_common>
      </source>
      <sampler id="Armature_BackLeftFoot_pose_matrix-sampler">
        <input semantic="INPUT" source="#Armature_BackLeftFoot_pose_matrix-input"/>
        <input semantic="OUTPUT" source="#Armature_BackLeftFoot_pose_matrix-output"/>
        <input semantic="INTERPOLATION" source="#Armature_BackLeftFoot_pose_matrix-interpolation"/>
      </sampler>
      <channel source="#Armature_BackLeftFoot_pose_matrix-sampler" target="BackLeftFoot/transform"/>
    </animation>
    <animation id="Armature_FrontLeftLeg_pose_matrix">
      <source id="Armature_FrontLeftLeg_pose_matrix-input">
        <float_array id="Armature_FrontLeftLeg_pose_matrix-input-array" count="3">0 0.4166666 0.8333333</float_array>
        <technique_common>
          <accessor source="#Armature_FrontLeftLeg_pose_matrix-input-array" count="3" stride="1">
            <param name="TIME" type="float"/>
          </accessor>
        </technique_common>
      </source>
      <source id="Armature_FrontLeftLeg_pose_matrix-output">
        <float_array id="Armature_FrontLeftLeg_pose_matrix-output-array" count="48">-0.7960944 0.1651039 -0.5822153 0.3361603 0.5972757 0.369267 -0.7119715 0.2315665 0.0974438 -0.9145398 -0.3925842 -0.3283315 0 0 0 1 -0.6123801 0.006844452 -0.7905341 0.3361603 0.5624411 -0.698945 -0.4417418 0.2315665 -0.5555633 -0.715143 0.4241704 -0.3283315 0 0 0 1 -0.7960944 0.1651039 -0.5822153 0.3361603 0.5972757 0.369267 -0.7119715 0.2315665 0.0974438 -0.9145398 -0.3925842 -0.3283315 0 0 0 1</float_array>
        <technique_common>
          <accessor source="#Armature_FrontLeftLeg_pose_matrix-output-array" count="3" stride="16">
            <param name="TRANSFORM" type="float4x4"/>
          </accessor>
        </technique_common>
      </source>
      <source id="Armature_FrontLeftLeg_pose_matrix-interpolation">
        <Name_array id="Armature_FrontLeftLeg_pose_matrix-interpolation-array" count="3">LINEAR LINEAR LINEAR</Name_array>
        <technique_common>
          <accessor source="#Armature_FrontLeftLeg_pose_matrix-interpolation-array" count="3" stride="1">
            <param name="INTERPOLATION" type="name"/>
          </accessor>
        </technique_common>
      </source>
      <sampler id="Armature_FrontLeftLeg_pose_matrix-sampler">
        <input semantic="INPUT" source="#Armature_FrontLeftLeg_pose_matrix-input"/>
        <input semantic="OUTPUT" source="#Armature_FrontLeftLeg_pose_matrix-output"/>
        <input semantic="INTERPOLATION" source="#Armature_FrontLeftLeg_pose_matrix-interpolation"/>
      </sampler>
      <channel source="#Armature_FrontLeftLeg_pose_matrix-sampler" target="FrontLeftLeg/transform"/>
    </animation>
    <animation id="Armature_FrontLeftFoot_pose_matrix">
      <source id="Armature_FrontLeftFoot_pose_matrix-input">
        <float_array id="Armature_FrontLeftFoot_pose_matrix-input-array" count="3">0 0.4166666 0.8333333</float_array>
        <technique_common>
          <accessor source="#Armature_FrontLeftFoot_pose_matrix-input-array" count="3" stride="1">
            <param name="TIME" type="float"/>
          </accessor>
        </technique_common>
      </source>
      <source id="Armature_FrontLeftFoot_pose_matrix-output">
        <float_array id="Armature_FrontLeftFoot_pose_matrix-output-array" count="48">-0.6823896 0.4838166 0.5479649 5.96046e-8 -0.03853834 0.7247678 -0.6879143 0.4908383 -0.7299719 -0.4905433 -0.4759288 2.23517e-8 0 0 0 1 -0.6450555 0.3476708 0.6804618 5.96046e-8 0.06978604 0.9135806 -0.4006243 0.4908383 -0.7609423 -0.2109381 -0.613573 2.23517e-8 0 0 0 1 -0.6823896 0.4838166 0.5479649 5.96046e-8 -0.03853834 0.7247678 -0.6879143 0.4908383 -0.7299719 -0.4905433 -0.4759288 2.23517e-8 0 0 0 1</float_array>
        <technique_common>
          <accessor source="#Armature_FrontLeftFoot_pose_matrix-output-array" count="3" stride="16">
            <param name="TRANSFORM" type="float4x4"/>
          </accessor>
        </technique_common>
      </source>
      <source id="Armature_FrontLeftFoot_pose_matrix-interpolation">
        <Name_array id="Armature_FrontLeftFoot_pose_matrix-interpolation-array" count="3">LINEAR LINEAR LINEAR</Name_array>
        <technique_common>
          <accessor source="#Armature_FrontLeftFoot_pose_matrix-interpolation-array" count="3" stride="1">
            <param name="INTERPOLATION" type="name"/>
          </accessor>
        </technique_common>
      </source>
      <sampler id="Armature_FrontLeftFoot_pose_matrix-sampler">
        <input semantic="INPUT" source="#Armature_FrontLeftFoot_pose_matrix-input"/>
        <input semantic="OUTPUT" source="#Armature_FrontLeftFoot_pose_matrix-output"/>
        <input semantic="INTERPOLATION" source="#Armature_FrontLeftFoot_pose_matrix-interpolation"/>
      </sampler>
      <channel source="#Armature_FrontLeftFoot_pose_matrix-sampler" target="FrontLeftFoot/transform"/>
    </animation>
    <animation id="Armature_Head_pose_matrix">
      <source id="Armature_Head_pose_matrix-input">
        <float_array id="Armature_Head_pose_matrix-input-array" count="3">0 0.4166666 0.8333333</float_array>
        <technique_common>
          <accessor source="#Armature_Head_pose_matrix-input-array" count="3" stride="1">
            <param name="TIME" type="float"/>
          </accessor>
        </technique_common>
      </source>
      <source id="Armature_Head_pose_matrix-output">
        <float_array id="Armature_Head_pose_matrix-output-array" count="48">0.9307086 -0.09757593 -0.352506 3.47663e-4 -0.1672683 -0.9706219 -0.1729578 -0.007327914 -0.3252736 0.2199364 -0.919687 -0.001053929 0 0 0 1 0.9619482 0.1359968 -0.2369823 3.47663e-4 0.07542823 -0.9658014 -0.2480686 -0.007327914 -0.2626145 0.2207541 -0.9393084 -0.001053929 0 0 0 1 0.9307086 -0.09757593 -0.352506 3.47663e-4 -0.1672683 -0.9706219 -0.1729578 -0.007327914 -0.3252736 0.2199364 -0.919687 -0.001053929 0 0 0 1</float_array>
        <technique_common>
          <accessor source="#Armature_Head_pose_matrix-output-array" count="3" stride="16">
            <param name="TRANSFORM" type="float4x4"/>
          </accessor>
        </technique_common>
      </source>
      <source id="Armature_Head_pose_matrix-interpolation">
        <Name_array id="Armature_Head_pose_matrix-interpolation-array" count="3">LINEAR LINEAR LINEAR</Name_array>
        <technique_common>
          <accessor source="#Armature_Head_pose_matrix-interpolation-array" count="3" stride="1">
            <param name="INTERPOLATION" type="name"/>
          </accessor>
        </technique_common>
      </source>
      <sampler id="Armature_Head_pose_matrix-sampler">
        <input semantic="INPUT" source="#Armature_Head_pose_matrix-input"/>
        <input semantic="OUTPUT" source="#Armature_Head_pose_matrix-output"/>
        <input semantic="INTERPOLATION" source="#Armature_Head_pose_matrix-interpolation"/>
      </sampler>
      <channel source="#Armature_Head_pose_matrix-sampler" target="Head/transform"/>
    </animation>
  </library_animations>
  <library_controllers/>
  <library_visual_scenes>
    <visual_scene id="Scene" name="Scene">
      <node id="Armature" name="Armature" type="NODE">
        <translate sid="location">0 0 1.19209e-7</translate>
        <rotate sid="rotationZ">0 0 1 0</rotate>
        <rotate sid="rotationY">0 1 0 0</rotate>
        <rotate sid="rotationX">1 0 0 0</rotate>
        <scale sid="scale">1 1 1</scale>
        <node id="Root" name="Root" sid="Root" type="JOINT">
          <matrix sid="transform">0.999987 0.005029412 -8.66289e-4 0.03151637 -0.00453491 0.9535476 0.3012082 -0.6690393 0.002340948 -0.3012003 0.953558 1.501007 0 0 0 1</matrix>
          <node id="BackRightLeg" name="BackRightLeg" sid="BackRightLeg" type="JOINT">
            <matrix sid="transform">0.99339 -0.0566924 0.09981167 -0.4723456 -0.06143904 0.4718924 0.8795128 1.213614 -0.09696204 -0.8798316 0.4652899 -0.1037778 0 0 0 1</matrix>
            <node id="BackRightFoot" name="BackRightFoot" sid="BackRightFoot" type="JOINT">
              <matrix sid="transform">0.9969057 0.07788849 -0.01060938 0 -0.07846275 0.9941558 -0.07414891 0.4447949 0.004772048 0.07475188 0.9971907 5.96046e-8 0 0 0 1</matrix>
            </node>
          </node>
          <node id="FrontRightLeg" name="FrontRightLeg" sid="FrontRightLeg" type="JOINT">
            <matrix sid="transform">0.9948734 -0.05500715 0.0848596 -0.4651938 -0.08802497 -0.05792996 0.9944322 0.2275361 -0.04978497 -0.9968041 -0.06247491 -0.3276373 0 0 0 1</matrix>
            <node id="FrontRightFoot" name="FrontRightFoot" sid="FrontRightFoot" type="JOINT">
              <matrix sid="transform">0.9989256 -0.01840923 0.04252565 0 0.03374875 0.9178863 -0.395406 0.4920017 -0.03175459 0.3964165 0.9175214 0 0 0 0 1</matrix>
            </node>
          </node>
          <node id="BackLeftLeg" name="BackLeftLeg" sid="BackLeftLeg" type="JOINT">
            <matrix sid="transform">0.6892164 0.03632978 -0.7236443 0.4077883 0.6252119 0.474936 0.6193105 1.218041 0.3661842 -0.87927 0.3046198 -0.1045403 0 0 0 1</matrix>
            <node id="BackLeftFoot" name="BackLeftFoot" sid="BackLeftFoot" type="JOINT">
              <matrix sid="transform">0.9361268 0.1053364 0.3355157 0 -0.1069899 0.994167 -0.01360837 0.4385218 -0.334992 -0.02315762 0.9419364 7.45058e-9 0 0 0 1</matrix>
            </node>
          </node>
          <node id="FrontLeftLeg" name="FrontLeftLeg" sid="FrontLeftLeg" type="JOINT">
            <matrix sid="transform">-0.7180959 0.1452802 -0.6806116 0.3361603 0.680131 -0.06079274 -0.7305656 0.2315665 -0.1475129 -0.9875215 -0.0551547 -0.3283315 0 0 0 1</matrix>
            <node id="FrontLeftFoot" name="FrontLeftFoot" sid="FrontLeftFoot" type="JOINT">
              <matrix sid="transform">-0.6595081 0.3134164 0.6832416 0 0.01879618 0.9155232 -0.4018255 0.4908381 -0.7514623 -0.2521648 -0.6096861 0 0 0 0 1</matrix>
            </node>
          </node>
          <node id="Head" name="Head" sid="Head" type="JOINT">
            <matrix sid="transform">0.9530601 0.004135205 -0.3027529 3.47663e-4 -0.1639502 -0.8335865 -0.5274977 -0.007327914 -0.2545521 0.5523733 -0.7937795 -0.001053929 0 0 0 1</matrix>
          </node>
        </node>
      </node>
    </visual_scene>
  </library_visual_scenes>
  <scene>
    <instance_visual_scene url="#Scene"/>
  </scene>
</COLLADA>