<?xml version="1.0" encoding="utf-8"?>
<COLLADA xmlns="http://www.collada.org/2005/11/COLLADASchema" version="1.4.1">
  <asset>
    <contributor>
      <author>Blender User</author>
      <authoring_tool>Blender 2.77.0 commit date:2016-04-05, commit time:18:12, hash:abf6f08</authoring_tool>
    </contributor>
    <created>2017-05-20T13:42:17</created>
    <modified>2017-05-20T13:42:17</modified>
    <unit name="meter" meter="1"/>
    <up_axis>Z_UP</up_axis>
  </asset>
  <library_images/>
  <library_animations>
    <animation id="Armature_Root_pose_matrix">
      <source id="Armature_Root_pose_matrix-input">
        <float_array id="Armature_Root_pose_matrix-input-array" count="3">0 0.2083333 0.4166666</float_array>
        <technique_common>
          <accessor source="#Armature_Root_pose_matrix-input-array" count="3" stride="1">
            <param name="TIME" type="float"/>
          </accessor>
        </technique_common>
      </source>
      <source id="Armature_Root_pose_matrix-output">
        <float_array id="Armature_Root_pose_matrix-output-array" count="48">0.9953207 0.004626319 0.09651518 -0.004753381 0.03369038 -0.9527873 -0.3017639 0.8054605 0.09056252 0.3036034 -0.9484835 0.7501916 0 0 0 1 0.9955385 -0.04063177 0.08515903 0.03296036 0.03208009 -0.7030122 -0.7104539 0.8054661 0.08873498 0.7100155 -0.6985712 0.6309221 0 0 0 1 0.9953207 0.004626319 0.09651518 -0.004753381 0.03369038 -0.9527873 -0.3017639 0.8054605 0.09056252 0.3036034 -0.9484835 0.7501916 0 0 0 1</float_array>
        <technique_common>
          <accessor source="#Armature_Root_pose_matrix-output-array" count="3" stride="16">
            <param name="TRANSFORM" type="float4x4"/>
          </accessor>
        </technique_common>
      </source>
      <source id="Armature_Root_pose_matrix-interpolation">
        <Name_array id="Armature_Root_pose_matrix-interpolation-array" count="3">LINEAR LINEAR LINEAR</Name_array>
        <technique_common>
          <accessor source="#Armature_Root_pose_matrix-interpolation-array" count="3" stride="1">
            <param name="INTERPOLATION" type="name"/>
          </accessor>
        </technique_common>
      </source>
      <sampler id="Armature_Root_pose_matrix-sampler">
        <input semantic="INPUT" source="#Armature_Root_pose_matrix-input"/>
        <input semantic="OUTPUT" source="#Armature_Root_pose_matrix-output"/>
        <input semantic="INTERPOLATION" source="#Armature_Root_pose_matrix-interpolation"/>
      </sampler>
      <channel source="#Armature_Root_pose_matrix-sampler" target="Root/transform"/>
    </animation>
    <animation id="Armature_BackRightLeg_pose_matrix">
      <source id="Armature_BackRightLeg_pose_matrix-input">
        <float_array id="Armature_BackRightLeg_pose_matrix-input-array" count="3">0 0.2083333 0.4166666</float_array>
        <technique_common>
          <accessor source="#Armature_BackRightLeg_pose_matrix-input-array" count="3" stride="1">
            <param name="TIME" type="float"/>
          </accessor>
        </technique_common>
      </source>
      <source id="Armature_BackRightLeg_pose_matrix-output">
        <float_array id="Armature_BackRightLeg_pose_matrix-output-array" count="48">0.9597108 -0.2474699 0.133093 -0.5153795 -0.07560421 -0.6836107 -0.7259203 -0.1102466 0.2706272 0.6866112 -0.6747782 0.1807017 0 0 0 1 0.9527596 -0.2111643 0.218309 -0.5153795 -0.1298395 -0.9329538 -0.3357659 -0.1102466 0.274574 0.2915591 -0.916298 0.1807017 0 0 0 1 0.9597108 -0.2474699 0.133093 -0.5153795 -0.07560421 -0.6836107 -0.7259203 -0.1102466 0.2706272 0.6866112 -0.6747782 0.1807017 0 0 0 1</float_array>
        <technique_common>
          <accessor source="#Armature_BackRightLeg_pose_matrix-output-array" count="3" stride="16">
            <param name="TRANSFORM" type="float4x4"/>
          </accessor>
        </technique_common>
      </source>
      <source id="Armature_BackRightLeg_pose_matrix-interpolation">
        <Name_array id="Armature_BackRightLeg_pose_matrix-interpolation-array" count="3">LINEAR LINEAR LINEAR</Name_array>
        <technique_common>
          <accessor source="#Armature_BackRightLeg_pose_matrix-interpolation-array" count="3" stride="1">
            <param name="INTERPOLATION" type="name"/>
          </accessor>
        </technique_common>
      </source>
      <sampler id="Armature_BackRightLeg_pose_matrix-sampler">
        <input semantic="INPUT" source="#Armature_BackRightLeg_pose_matrix-input"/>
        <input semantic="OUTPUT" source="#Armature_BackRightLeg_pose_matrix-output"/>
        <input semantic="INTERPOLATION" source="#Armature_BackRightLeg_pose_matrix-interpolation"/>
      </sampler>
      <channel source="#Armature_BackRightLeg_pose_matrix-sampler" target="BackRightLeg/transform"/>
    </animation>
    <animation id="Armature_BackLeftLeg_pose_matrix">
      <source id="Armature_BackLeftLeg_pose_matrix-input">
        <float_array id="Armature_BackLeftLeg_pose_matrix-input-array" count="3">0 0.2083333 0.4166666</float_array>
        <technique_common>
          <accessor source="#Armature_BackLeftLeg_pose_matrix-input-array" count="3" stride="1">
            <param name="TIME" type="float"/>
          </accessor>
        </technique_common>
      </source>
      <source id="Armature_BackLeftLeg_pose_matrix-output">
        <float_array id="Armature_BackLeftLeg_pose_matrix-output-array" count="48">0.7423525 0.07706296 -0.6655627 0.5022146 -0.3590807 -0.7928969 -0.4923162 -0.05363446 -0.5656622 0.604463 -0.5609369 0.3186783 0 0 0 1 0.7231951 0.1068852 -0.6823224 0.5022146 -0.04427452 -0.9787446 -0.200246 -0.05363446 -0.6892231 0.1750266 -0.7030908 0.3186783 0 0 0 1 0.7423525 0.07706296 -0.6655627 0.5022146 -0.3590807 -0.7928969 -0.4923162 -0.05363446 -0.5656622 0.604463 -0.5609369 0.3186783 0 0 0 1</float_array>
        <technique_common>
          <accessor source="#Armature_BackLeftLeg_pose_matrix-output-array" count="3" stride="16">
            <param name="TRANSFORM" type="float4x4"/>
          </accessor>
        </technique_common>
      </source>
      <source id="Armature_BackLeftLeg_pose_matrix-interpolation">
        <Name_array id="Armature_BackLeftLeg_pose_matrix-interpolation-array" count="3">LINEAR LINEAR LINEAR</Name_array>
        <technique_common>
          <accessor source="#Armature_BackLeftLeg_pose_matrix-interpolation-array" count="3" stride="1">
            <param name="INTERPOLATION" type="name"/>
          </accessor>
        </technique_common>
      </source>
      <sampler id="Armature_BackLeftLeg_pose_matrix-sampler">
        <input semantic="INPUT" source="#Armature_BackLeftLeg_pose_matrix-input"/>
        <input semantic="OUTPUT" source="#Armature_BackLeftLeg_pose_matrix-output"/>
        <input semantic="INTERPOLATION" source="#Armature_BackLeftLeg_pose_matrix-interpolation"/>
      </sampler>
      <channel source="#Armature_BackLeftLeg_pose_matrix-sampler" target="BackLeftLeg/transform"/>
    </animation>
    <animation id="Armature_Chest_pose_matrix">
      <source id="Armature_Chest_pose_matrix-input">
        <float_array id="Armature_Chest_pose_matrix-input-array" count="3">0 0.2083333 0.4166666</float_array>
        <technique_common>
          <accessor source="#Armature_Chest_pose_matrix-input-array" count="3" stride="1">
            <param name="TIME" type="float"/>
          </accessor>
        </technique_common>
      </source>
      <source id="Armature_Chest_pose_matrix-output">
        <float_array id="Armature_Chest_pose_matrix-output-array" count="48">-0.9967364 -0.07812681 -0.02031421 0 -0.0743679 0.7908152 0.60752 0.8974168 -0.03139883 0.607048 -0.7940444 0 0 0 0 1 -0.9967364 -0.07812681 -0.02031421 0 -0.0743679 0.7908152 0.60752 0.8974168 -0.03139883 0.607048 -0.7940444 0 0 0 0 1 -0.9967364 -0.07812681 -0.02031421 0 -0.0743679 0.7908152 0.60752 0.8974168 -0.03139883 0.607048 -0.7940444 0 0 0 0 1</float_array>
        <technique_common>
          <accessor source="#Armature_Chest_pose_matrix-output-array" count="3" stride="16">
            <param name="TRANSFORM" type="float4x4"/>
          </accessor>
        </technique_common>
      </source>
      <source id="Armature_Chest_pose_matrix-interpolation">
        <Name_array id="Armature_Chest_pose_matrix-interpolation-array" count="3">LINEAR LINEAR LINEAR</Name_array>
        <technique_common>
          <accessor source="#Armature_Chest_pose_matrix-interpolation-array" count="3" stride="1">
            <param name="INTERPOLATION" type="name"/>
          </accessor>
        </technique_common>
      </source>
      <sampler id="Armature_Chest_pose_matrix-sampler">
        <input semantic="INPUT" source="#Armature_Chest_pose_matrix-input"/>
        <input semantic="OUTPUT" source="#Armature_Chest_pose_matrix-output"/>
        <input semantic="INTERPOLATION" source="#Armature_Chest_pose_matrix-interpolation"/>
      </sampler>
      <channel source="#Armature_Chest_pose_matrix-sampler" target="Chest/transform"/>
    </animation>
    <animation id="Armature_FrontRightLeg_pose_matrix">
      <source id="Armature_FrontRightLeg_pose_matrix-input">
        <float_array id="Armature_FrontRightLeg_pose_matrix-input-array" count="3">0 0.2083333 0.4166666</float_array>
        <technique_common>
          <accessor source="#Armature_FrontRightLeg_pose_matrix-input-array" count="3" stride="1">
            <param name="TIME" type="float"/>
          </accessor>
        </technique_common>
      </source>
      <source id="Armature_FrontRightLeg_pose_matrix-output">
        <float_array id="Armature_FrontRightLeg_pose_matrix-output-array" count="48">-0.9565975 0.232996 0.1750255 0.682573 0.1143971 0.8526445 -0.5098146 0.6933324 -0.2680193 -0.4676653 -0.8422916 -0.1611649 0 0 0 1 -0.9993739 0.00241768 0.0352947 0.682573 -8.07252e-5 0.9975041 -0.07060984 0.6933324 -0.0353773 -0.0705688 -0.9968795 -0.1611649 0 0 0 1 -0.9565975 0.232996 0.1750255 0.682573 0.1143971 0.8526445 -0.5098146 0.6933324 -0.2680193 -0.4676653 -0.8422916 -0.1611649 0 0 0 1</float_array>
        <technique_common>
          <accessor source="#Armature_FrontRightLeg_pose_matrix-output-array" count="3" stride="16">
            <param name="TRANSFORM" type="float4x4"/>
          </accessor>
        </technique_common>
      </source>
      <source id="Armature_FrontRightLeg_pose_matrix-interpolation">
        <Name_array id="Armature_FrontRightLeg_pose_matrix-interpolation-array" count="3">LINEAR LINEAR LINEAR</Name_array>
        <technique_common>
          <accessor source="#Armature_FrontRightLeg_pose_matrix-interpolation-array" count="3" stride="1">
            <param name="INTERPOLATION" type="name"/>
          </accessor>
        </technique_common>
      </source>
      <sampler id="Armature_FrontRightLeg_pose_matrix-sampler">
        <input semantic="INPUT" source="#Armature_FrontRightLeg_pose_matrix-input"/>
        <input semantic="OUTPUT" source="#Armature_FrontRightLeg_pose_matrix-output"/>
        <input semantic="INTERPOLATION" source="#Armature_FrontRightLeg_pose_matrix-interpolation"/>
      </sampler>
      <channel source="#Armature_FrontRightLeg_pose_matrix-sampler" target="FrontRightLeg/transform"/>
    </animation>
    <animation id="Armature_FrontRightKnee_pose_matrix">
      <source id="Armature_FrontRightKnee_pose_matrix-input">
        <float_array id="Armature_FrontRightKnee_pose_matrix-input-array" count="3">0 0.2083333 0.4166666</float_array>
        <technique_common>
          <accessor source="#Armature_FrontRightKnee_pose_matrix-input-array" count="3" stride="1">
            <param name="TIME" type="float"/>
          </accessor>
        </technique_common>
      </source>
      <source id="Armature_FrontRightKnee_pose_matrix-output">
        <float_array id="Armature_FrontRightKnee_pose_matrix-output-array" count="48">0.9953849 0.0824658 0.04907043 5.96046e-8 -0.03905112 0.8152047 -0.5778549 0.4851149 -0.08765569 0.573272 0.8146629 0 0 0 0 1 0.9953849 0.0824658 0.04907043 5.96046e-8 -0.03905112 0.8152047 -0.5778549 0.4851149 -0.08765569 0.573272 0.8146629 0 0 0 0 1 0.9953849 0.0824658 0.04907043 5.96046e-8 -0.03905112 0.8152047 -0.5778549 0.4851149 -0.08765569 0.573272 0.8146629 0 0 0 0 1</float_array>
        <technique_common>
          <accessor source="#Armature_FrontRightKnee_pose_matrix-output-array" count="3" stride="16">
            <param name="TRANSFORM" type="float4x4"/>
          </accessor>
        </technique_common>
      </source>
      <source id="Armature_FrontRightKnee_pose_matrix-interpolation">
        <Name_array id="Armature_FrontRightKnee_pose_matrix-interpolation-array" count="3">LINEAR LINEAR LINEAR</Name_array>
        <technique_common>
          <accessor source="#Armature_FrontRightKnee_pose_matrix-interpolation-array" count="3" stride="1">
            <param name="INTERPOLATION" type="name"/>
          </accessor>
        </technique_common>
      </source>
      <sampler id="Armature_FrontRightKnee_pose_matrix-sampler">
        <input semantic="INPUT" source="#Armature_FrontRightKnee_pose_matrix-input"/>
        <input semantic="OUTPUT" source="#Armature_FrontRightKnee_pose_matrix-output"/>
        <input semantic="INTERPOLATION" source="#Armature_FrontRightKnee_pose_matrix-interpolation"/>
      </sampler>
      <channel source="#Armature_FrontRightKnee_pose_matrix-sampler" target="FrontRightKnee/transform"/>
    </animation>
    <animation id="Armature_FrontLeftLeg_pose_matrix">
      <source id="Armature_FrontLeftLeg_pose_matrix-input">
        <float_array id="Armature_FrontLeftLeg_pose_matrix-input-array" count="3">0 0.2083333 0.4166666</float_array>
        <technique_common>
          <accessor source="#Armature_FrontLeftLeg_pose_matrix-input-array" count="3" stride="1">
            <param name="TIME" type="float"/>
          </accessor>
        </technique_common>
      </source>
      <source id="Armature_FrontLeftLeg_pose_matrix-output">
        <float_array id="Armature_FrontLeftLeg_pose_matrix-output-array" count="48">0.6232571 -0.172431 0.7627699 -0.6662965 -0.3620202 0.8009596 0.4768698 0.6869743 -0.6931752 -0.5733507 0.4367804 -0.2319193 0 0 0 1 0.8467472 0.04424631 0.5301519 -0.6662965 -0.1357722 0.981508 0.1349362 0.6869743 -0.5143781 -0.1862367 0.8370969 -0.2319193 0 0 0 1 0.6232571 -0.172431 0.7627699 -0.6662965 -0.3620202 0.8009596 0.4768698 0.6869743 -0.6931752 -0.5733507 0.4367804 -0.2319193 0 0 0 1</float_array>
        <technique_common>
          <accessor source="#Armature_FrontLeftLeg_pose_matrix-output-array" count="3" stride="16">
            <param name="TRANSFORM" type="float4x4"/>
          </accessor>
        </technique_common>
      </source>
      <source id="Armature_FrontLeftLeg_pose_matrix-interpolation">
        <Name_array id="Armature_FrontLeftLeg_pose_matrix-interpolation-array" count="3">LINEAR LINEAR LINEAR</Name_array>
        <technique_common>
          <accessor source="#Armature_FrontLeftLeg_pose_matrix-interpolation-array" count="3" stride="1">
            <param name="INTERPOLATION" type="name"/>
          </accessor>
        </technique_common>
      </source>
      <sampler id="Armature_FrontLeftLeg_pose_matrix-sampler">
        <input semantic="INPUT" source="#Armature_FrontLeftLeg_pose_matrix-input"/>
        <input semantic="OUTPUT" source="#Armature_FrontLeftLeg_pose_matrix-output"/>
        <input semantic="INTERPOLATION" source="#Armature_FrontLeftLeg_pose_matrix-interpolation"/>
      </sampler>
      <channel source="#Armature_FrontLeftLeg_pose_matrix-sampler" target="FrontLeftLeg/transform"/>
    </animation>
    <animation id="Armature_FrontLeftKnee_pose_matrix">
      <source id="Armature_FrontLeftKnee_pose_matrix-input">
        <float_array id="Armature_FrontLeftKnee_pose_matrix-input-array" count="3">0 0.2083333 0.4166666</float_array>
        <technique_common>
          <accessor source="#Armature_FrontLeftKnee_pose_matrix-input-array" count="3" stride="1">
            <param name="TIME" type="float"/>
          </accessor>
        </technique_common>
      </source>
      <source id="Armature_FrontLeftKnee_pose_matrix-output">
        <float_array id="Armature_FrontLeftKnee_pose_matrix-output-array" count="48">-0.6105973 0.4938 0.6191383 0 0.2312839 0.858905 -0.4569352 0.4880503 -0.7574157 -0.1358068 -0.6386532 -1.49012e-8 0 0 0 1 -0.6105973 0.4938 0.6191383 0 0.2312839 0.858905 -0.4569352 0.4880503 -0.7574157 -0.1358068 -0.6386532 -1.49012e-8 0 0 0 1 -0.6105973 0.4938 0.6191383 0 0.2312839 0.858905 -0.4569352 0.4880503 -0.7574157 -0.1358068 -0.6386532 -1.49012e-8 0 0 0 1</float_array>
        <technique_common>
          <accessor source="#Armature_FrontLeftKnee_pose_matrix-output-array" count="3" stride="16">
            <param name="TRANSFORM" type="float4x4"/>
          </accessor>
        </technique_common>
      </source>
      <source id="Armature_FrontLeftKnee_pose_matrix-interpolation">
        <Name_array id="Armature_FrontLeftKnee_pose_matrix-interpolation-array" count="3">LINEAR LINEAR LINEAR</Name_array>
        <technique_common>
          <accessor source="#Armature_FrontLeftKnee_pose_matrix-interpolation-array" count="3" stride="1">
            <param name="INTERPOLATION" type="name"/>
          </accessor>
        </technique_common>
      </source>
      <sampler id="Armature_FrontLeftKnee_pose_matrix-sampler">
        <input semantic="INPUT" source="#Armature_FrontLeftKnee_pose_matrix-input"/>
        <input semantic="OUTPUT" source="#Armature_FrontLeftKnee_pose_matrix-output"/>
        <input semantic="INTERPOLATION" source="#Armature_FrontLeftKnee_pose_matrix-interpolation"/>
      </sampler>
      <channel source="#Armature_FrontLeftKnee_pose_matrix-sampler" target="FrontLeftKnee/transform"/>
    </animation>
    <animation id="Armature_Head_pose_matrix">
      <source id="Armature_Head_pose_matrix-input">
        <float_array id="Armature_Head_pose_matrix-input-array" count="3">0 0.2083333 0.4166666</float_array>
        <technique_common>
          <accessor source="#Armature_Head_pose_matrix-input-array" count="3" stride="1">
            <param name="TIME" type="float"/>
          </accessor>
        </technique_common>
      </source>
      <source id="Armature_Head_pose_matrix-output">
        <float_array id="Armature_Head_pose_matrix-output-array" count="48">-0.9265456 -0.1518314 0.3441807 -7.45058e-9 0.04921476 0.858142 0.5110475 1.104509 -0.3729492 0.4904476 -0.7876357 1.19209e-7 0 0 0 1 -0.9110271 -0.125946 0.392641 -7.45058e-9 -0.05293327 0.9800541 0.1915499 1.104509 -0.4089346 0.1537232 -0.899523 1.19209e-7 0 0 0 1 -0.9265456 -0.1518314 0.3441807 -7.45058e-9 0.04921476 0.858142 0.5110475 1.104509 -0.3729492 0.4904476 -0.7876357 1.19209e-7 0 0 0 1</float_array>
        <technique_common>
          <accessor source="#Armature_Head_pose_matrix-output-array" count="3" stride="16">
            <param name="TRANSFORM" type="float4x4"/>
          </accessor>
        </technique_common>
      </source>
      <source id="Armature_Head_pose_matrix-interpolation">
        <Name_array id="Armature_Head_pose_matrix-interpolation-array" count="3">LINEAR LINEAR LINEAR</Name_array>
        <technique_common>
          <accessor source="#Armature_Head_pose_matrix-interpolation-array" count="3" stride="1">
            <param name="INTERPOLATION" type="name"/>
          </accessor>
        </technique_common>
      </source>
      <sampler id="Armature_Head_pose_matrix-sampler">
        <input semantic="INPUT" source="#Armature_Head_pose_matrix-input"/>
        <input semantic="OUTPUT" source="#Armature_Head_pose_matrix-output"/>
        <input semantic="INTERPOLATION" source="#Armature_Head_pose_matrix-interpolation"/>
      </sampler>
      <channel source="#Armature_Head_pose_matrix-sampler" target="Head/transform"/>
    </animation>
  </library_animations>
  <library_controllers/>
  <library_visual_scenes>
    <visual_scene id="Scene" name="Scene">
      <node id="Armature" name="Armature" type="NODE">
        <translate sid="location">0 0 1.19209e-7</translate>
        <rotate sid="rotationZ">0 0 1 0</rotate>
        <rotate sid="rotationY">0 1 0 0</rotate>
        <rotate sid="rotationX">1 0 0 0</rotate>
        <scale sid="scale">1 1 1</scale>
        <node id="Root" name="Root" sid="Root" type="JOINT">
          <matrix sid="transform">0.9953207 0.004626319 0.09651518 -0.004753381 0.03369038 -0.9527873 -0.3017639 0.8054605 0.09056252 0.3036034 -0.9484835 0.7501916 0 0 0 1</matrix>
          <node id="BackRightLeg" name="BackRightLeg" sid="BackRightLeg" type="JOINT">
            <matrix sid="transform">0.9597108 -0.2474699 0.133093 -0.5153795 -0.07560421 -0.6836107 -0.7259203 -0.1102466 0.2706272 0.6866112 -0.6747782 0.1807017 0 0 0 1</matrix>
          </node>
          <node id="BackLeftLeg" name="BackLeftLeg" sid="BackLeftLeg" type="JOINT">
            <matrix sid="transform">0.7423525 0.07706296 -0.6655627 0.5022146 -0.3590807 -0.7928969 -0.4923162 -0.05363446 -0.5656622 0.604463 -0.5609369 0.3186783 0 0 0 1</matrix>
          </node>
          <node id="Chest" name="Chest" sid="Chest" type="JOINT">
            <matrix sid="transform">-0.9967364 -0.07812681 -0.02031421 0 -0.0743679 0.7908152 0.60752 0.8974168 -0.03139883 0.607048 -0.7940444 0 0 0 0 1</matrix>
            <node id="FrontRightLeg" name="FrontRightLeg" sid="FrontRightLeg" type="JOINT">
              <matrix sid="transform">-0.9565975 0.232996 0.1750255 0.682573 0.1143971 0.8526445 -0.5098146 0.6933324 -0.2680193 -0.4676653 -0.8422916 -0.1611649 0 0 0 1</matrix>
              <node id="FrontRightKnee" name="FrontRightKnee" sid="FrontRightKnee" type="JOINT">
                <matrix sid="transform">0.9953849 0.0824658 0.04907043 5.96046e-8 -0.03905112 0.8152047 -0.5778549 0.4851149 -0.08765569 0.573272 0.8146629 0 0 0 0 1</matrix>
              </node>
            </node>
            <node id="FrontLeftLeg" name="FrontLeftLeg" sid="FrontLeftLeg" type="JOINT">
              <matrix sid="transform">0.6232571 -0.172431 0.7627699 -0.6662965 -0.3620202 0.8009596 0.4768698 0.6869743 -0.6931752 -0.5733507 0.4367804 -0.2319193 0 0 0 1</matrix>
              <node id="FrontLeftKnee" name="FrontLeftKnee" sid="FrontLeftKnee" type="JOINT">
                <matrix sid="transform">-0.6105973 0.4938 0.6191383 0 0.2312839 0.858905 -0.4569352 0.4880503 -0.7574157 -0.1358068 -0.6386532 -1.49012e-8 0 0 0 1</matrix>
              </node>
            </node>
            <node id="Head" name="Head" sid="Head" type="JOINT">
              <matrix sid="transform">-0.9265456 -0.1518314 0.3441807 -7.45058e-9 0.04921476 0.858142 0.5110475 1.104509 -0.3729492 0.4904476 -0.7876357 1.19209e-7 0 0 0 1</matrix>
            </node>
          </node>
        </node>
      </node>
    </visual_scene>
  </library_visual_scenes>
  <scene>
    <instance_visual_scene url="#Scene"/>
  </scene>
</COLLADA>