<?xml version="1.0" encoding="utf-8"?>
<COLLADA xmlns="http://www.collada.org/2005/11/COLLADASchema" version="1.4.1">
  <asset>
    <contributor>
      <author>Blender User</author>
      <authoring_tool>Blender 2.77.0 commit date:2016-04-05, commit time:18:12, hash:abf6f08</authoring_tool>
    </contributor>
    <created>2019-03-04T17:43:21</created>
    <modified>2019-03-04T17:43:21</modified>
    <unit name="meter" meter="1"/>
    <up_axis>Z_UP</up_axis>
  </asset>
  <library_images/>
  <library_animations>
    <animation id="Armature_Root_pose_matrix">
      <source id="Armature_Root_pose_matrix-input">
        <float_array id="Armature_Root_pose_matrix-input-array" count="2">0 3.333333</float_array>
        <technique_common>
          <accessor source="#Armature_Root_pose_matrix-input-array" count="2" stride="1">
            <param name="TIME" type="float"/>
          </accessor>
        </technique_common>
      </source>
      <source id="Armature_Root_pose_matrix-output">
        <float_array id="Armature_Root_pose_matrix-output-array" count="32">0.9997395 0 0.02282471 1.78814e-7 0.02282471 0 -0.9997395 0.03949894 0 1 0 3.350116 0 0 0 1 0.9997395 0 0.02282471 1.78814e-7 0.02282471 0 -0.9997395 0.03949894 0 1 0 3.350116 0 0 0 1</float_array>
        <technique_common>
          <accessor source="#Armature_Root_pose_matrix-output-array" count="2" stride="16">
            <param name="TRANSFORM" type="float4x4"/>
          </accessor>
        </technique_common>
      </source>
      <source id="Armature_Root_pose_matrix-interpolation">
        <Name_array id="Armature_Root_pose_matrix-interpolation-array" count="2">LINEAR LINEAR</Name_array>
        <technique_common>
          <accessor source="#Armature_Root_pose_matrix-interpolation-array" count="2" stride="1">
            <param name="INTERPOLATION" type="name"/>
          </accessor>
        </technique_common>
      </source>
      <sampler id="Armature_Root_pose_matrix-sampler">
        <input semantic="INPUT" source="#Armature_Root_pose_matrix-input"/>
        <input semantic="OUTPUT" source="#Armature_Root_pose_matrix-output"/>
        <input semantic="INTERPOLATION" source="#Armature_Root_pose_matrix-interpolation"/>
      </sampler>
      <channel source="#Armature_Root_pose_matrix-sampler" target="Root/transform"/>
    </animation>
    <animation id="Armature_Chest_pose_matrix">
      <source id="Armature_Chest_pose_matrix-input">
        <float_array id="Armature_Chest_pose_matrix-input-array" count="2">0 3.333333</float_array>
        <technique_common>
          <accessor source="#Armature_Chest_pose_matrix-input-array" count="2" stride="1">
            <param name="TIME" type="float"/>
          </accessor>
        </technique_common>
      </source>
      <source id="Armature_Chest_pose_matrix-output">
        <float_array id="Armature_Chest_pose_matrix-output-array" count="32">0.99854 0.04173943 0.03428574 -5.82077e-11 -0.04214086 0.9990503 0.01107017 1.5 -0.03379112 -0.01249884 0.9993507 7.45058e-9 0 0 0 1 0.99854 0.04173943 0.03428574 0.01 -0.04214086 0.9990503 0.01107017 1.5 -0.03379112 -0.01249884 0.9993507 7.45058e-9 0 0 0 1</float_array>
        <technique_common>
          <accessor source="#Armature_Chest_pose_matrix-output-array" count="2" stride="16">
            <param name="TRANSFORM" type="float4x4"/>
          </accessor>
        </technique_common>
      </source>
      <source id="Armature_Chest_pose_matrix-interpolation">
        <Name_array id="Armature_Chest_pose_matrix-interpolation-array" count="2">LINEAR LINEAR</Name_array>
        <technique_common>
          <accessor source="#Armature_Chest_pose_matrix-interpolation-array" count="2" stride="1">
            <param name="INTERPOLATION" type="name"/>
          </accessor>
        </technique_common>
      </source>
      <sampler id="Armature_Chest_pose_matrix-sampler">
        <input semantic="INPUT" source="#Armature_Chest_pose_matrix-input"/>
        <input semantic="OUTPUT" source="#Armature_Chest_pose_matrix-output"/>
        <input semantic="INTERPOLATION" source="#Armature_Chest_pose_matrix-interpolation"/>
      </sampler>
      <channel source="#Armature_Chest_pose_matrix-sampler" target="Chest/transform"/>
    </animation>
    <animation id="Armature_Shoulder_R_pose_matrix">
      <source id="Armature_Shoulder_R_pose_matrix-input">
        <float_array id="Armature_Shoulder_R_pose_matrix-input-array" count="2">0 3.333333</float_array>
        <technique_common>
          <accessor source="#Armature_Shoulder_R_pose_matrix-input-array" count="2" stride="1">
            <param name="TIME" type="float"/>
          </accessor>
        </technique_common>
      </source>
      <source id="Armature_Shoulder_R_pose_matrix-output">
        <float_array id="Armature_Shoulder_R_pose_matrix-output-array" count="32">0.4998381 -0.5871727 0.6367022 -0.7207977 0.5789698 0.7732566 0.2585892 2.053178 -0.6441709 0.2393786 0.7264582 -0.09142297 0 0 0 1 0.02727842 -0.5347972 0.8445397 -0.72615 0.6414431 0.6573436 0.3955386 2.056792 -0.7666859 0.5309343 0.3609731 -0.08378793 0 0 0 1</float_array>
        <technique_common>
          <accessor source="#Armature_Shoulder_R_pose_matrix-output-array" count="2" stride="16">
            <param name="TRANSFORM" type="float4x4"/>
          </accessor>
        </technique_common>
      </source>
      <source id="Armature_Shoulder_R_pose_matrix-interpolation">
        <Name_array id="Armature_Shoulder_R_pose_matrix-interpolation-array" count="2">LINEAR LINEAR</Name_array>
        <technique_common>
          <accessor source="#Armature_Shoulder_R_pose_matrix-interpolation-array" count="2" stride="1">
            <param name="INTERPOLATION" type="name"/>
          </accessor>
        </technique_common>
      </source>
      <sampler id="Armature_Shoulder_R_pose_matrix-sampler">
        <input semantic="INPUT" source="#Armature_Shoulder_R_pose_matrix-input"/>
        <input semantic="OUTPUT" source="#Armature_Shoulder_R_pose_matrix-output"/>
        <input semantic="INTERPOLATION" source="#Armature_Shoulder_R_pose_matrix-interpolation"/>
      </sampler>
      <channel source="#Armature_Shoulder_R_pose_matrix-sampler" target="Shoulder_R/transform"/>
    </animation>
    <animation id="Armature_Arm_R_pose_matrix">
      <source id="Armature_Arm_R_pose_matrix-input">
        <float_array id="Armature_Arm_R_pose_matrix-input-array" count="2">0 3.333333</float_array>
        <technique_common>
          <accessor source="#Armature_Arm_R_pose_matrix-input-array" count="2" stride="1">
            <param name="TIME" type="float"/>
          </accessor>
        </technique_common>
      </source>
      <source id="Armature_Arm_R_pose_matrix-output">
        <float_array id="Armature_Arm_R_pose_matrix-output-array" count="32">-0.04570136 0.4236155 -0.9046882 0 -0.4299757 0.8091074 0.4005811 1.734341 0.901683 0.407301 0.145167 2.38419e-7 0 0 0 1 -0.09799583 0.3609557 -0.9274197 0 -0.4283032 0.8258873 0.3666958 1.734341 0.8983058 0.4331513 0.07366487 2.38419e-7 0 0 0 1</float_array>
        <technique_common>
          <accessor source="#Armature_Arm_R_pose_matrix-output-array" count="2" stride="16">
            <param name="TRANSFORM" type="float4x4"/>
          </accessor>
        </technique_common>
      </source>
      <source id="Armature_Arm_R_pose_matrix-interpolation">
        <Name_array id="Armature_Arm_R_pose_matrix-interpolation-array" count="2">LINEAR LINEAR</Name_array>
        <technique_common>
          <accessor source="#Armature_Arm_R_pose_matrix-interpolation-array" count="2" stride="1">
            <param name="INTERPOLATION" type="name"/>
          </accessor>
        </technique_common>
      </source>
      <sampler id="Armature_Arm_R_pose_matrix-sampler">
        <input semantic="INPUT" source="#Armature_Arm_R_pose_matrix-input"/>
        <input semantic="OUTPUT" source="#Armature_Arm_R_pose_matrix-output"/>
        <input semantic="INTERPOLATION" source="#Armature_Arm_R_pose_matrix-interpolation"/>
      </sampler>
      <channel source="#Armature_Arm_R_pose_matrix-sampler" target="Arm_R/transform"/>
    </animation>
    <animation id="Armature_Hand_R_pose_matrix">
      <source id="Armature_Hand_R_pose_matrix-input">
        <float_array id="Armature_Hand_R_pose_matrix-input-array" count="2">0 3.333333</float_array>
        <technique_common>
          <accessor source="#Armature_Hand_R_pose_matrix-input-array" count="2" stride="1">
            <param name="TIME" type="float"/>
          </accessor>
        </technique_common>
      </source>
      <source id="Armature_Hand_R_pose_matrix-output">
        <float_array id="Armature_Hand_R_pose_matrix-output-array" count="32">0.9989789 0.04517605 7.3343e-4 0 -0.04517652 0.998979 -1.78814e-7 2.074412 -7.32519e-4 -3.3021e-5 0.9999997 -2.38419e-7 0 0 0 1 0.9989789 0.04517605 7.3343e-4 0 -0.04517652 0.998979 -1.78814e-7 2.074412 -7.32519e-4 -3.3021e-5 0.9999997 -2.38419e-7 0 0 0 1</float_array>
        <technique_common>
          <accessor source="#Armature_Hand_R_pose_matrix-output-array" count="2" stride="16">
            <param name="TRANSFORM" type="float4x4"/>
          </accessor>
        </technique_common>
      </source>
      <source id="Armature_Hand_R_pose_matrix-interpolation">
        <Name_array id="Armature_Hand_R_pose_matrix-interpolation-array" count="2">LINEAR LINEAR</Name_array>
        <technique_common>
          <accessor source="#Armature_Hand_R_pose_matrix-interpolation-array" count="2" stride="1">
            <param name="INTERPOLATION" type="name"/>
          </accessor>
        </technique_common>
      </source>
      <sampler id="Armature_Hand_R_pose_matrix-sampler">
        <input semantic="INPUT" source="#Armature_Hand_R_pose_matrix-input"/>
        <input semantic="OUTPUT" source="#Armature_Hand_R_pose_matrix-output"/>
        <input semantic="INTERPOLATION" source="#Armature_Hand_R_pose_matrix-interpolation"/>
      </sampler>
      <channel source="#Armature_Hand_R_pose_matrix-sampler" target="Hand_R/transform"/>
    </animation>
    <animation id="Armature_Shoulder_L_pose_matrix">
      <source id="Armature_Shoulder_L_pose_matrix-input">
        <float_array id="Armature_Shoulder_L_pose_matrix-input-array" count="2">0 3.333333</float_array>
        <technique_common>
          <accessor source="#Armature_Shoulder_L_pose_matrix-input-array" count="2" stride="1">
            <param name="TIME" type="float"/>
          </accessor>
        </technique_common>
      </source>
      <source id="Armature_Shoulder_L_pose_matrix-output">
        <float_array id="Armature_Shoulder_L_pose_matrix-output-array" count="32">0.7911378 0.4488282 0.4155168 0.983675 -0.03217124 0.7089463 -0.7045282 2.272421 -0.6107912 0.5440112 0.5753132 0.03354569 0 0 0 1 0.7911377 0.4488282 0.4155168 0.9866468 -0.03217121 0.7089463 -0.7045282 2.274428 -0.6107912 0.5440112 0.5753132 0.02421067 0 0 0 1</float_array>
        <technique_common>
          <accessor source="#Armature_Shoulder_L_pose_matrix-output-array" count="2" stride="16">
            <param name="TRANSFORM" type="float4x4"/>
          </accessor>
        </technique_common>
      </source>
      <source id="Armature_Shoulder_L_pose_matrix-interpolation">
        <Name_array id="Armature_Shoulder_L_pose_matrix-interpolation-array" count="2">LINEAR LINEAR</Name_array>
        <technique_common>
          <accessor source="#Armature_Shoulder_L_pose_matrix-interpolation-array" count="2" stride="1">
            <param name="INTERPOLATION" type="name"/>
          </accessor>
        </technique_common>
      </source>
      <sampler id="Armature_Shoulder_L_pose_matrix-sampler">
        <input semantic="INPUT" source="#Armature_Shoulder_L_pose_matrix-input"/>
        <input semantic="OUTPUT" source="#Armature_Shoulder_L_pose_matrix-output"/>
        <input semantic="INTERPOLATION" source="#Armature_Shoulder_L_pose_matrix-interpolation"/>
      </sampler>
      <channel source="#Armature_Shoulder_L_pose_matrix-sampler" target="Shoulder_L/transform"/>
    </animation>
    <animation id="Armature_Arm_L_pose_matrix">
      <source id="Armature_Arm_L_pose_matrix-input">
        <float_array id="Armature_Arm_L_pose_matrix-input-array" count="2">0 3.333333</float_array>
        <technique_common>
          <accessor source="#Armature_Arm_L_pose_matrix-input-array" count="2" stride="1">
            <param name="TIME" type="float"/>
          </accessor>
        </technique_common>
      </source>
      <source id="Armature_Arm_L_pose_matrix-output">
        <float_array id="Armature_Arm_L_pose_matrix-output-array" count="32">0.24265 -0.2578423 0.9352211 -5.96046e-8 -0.4542372 0.8216268 0.3443789 1.734339 -0.8571985 -0.5083761 0.08224658 4.76837e-7 0 0 0 1 0.2306585 -0.2569324 0.9385003 -5.96046e-8 -0.3753334 0.8663706 0.3294321 1.734339 -0.897731 -0.4282371 0.1034008 4.76837e-7 0 0 0 1</float_array>
        <technique_common>
          <accessor source="#Armature_Arm_L_pose_matrix-output-array" count="2" stride="16">
            <param name="TRANSFORM" type="float4x4"/>
          </accessor>
        </technique_common>
      </source>
      <source id="Armature_Arm_L_pose_matrix-interpolation">
        <Name_array id="Armature_Arm_L_pose_matrix-interpolation-array" count="2">LINEAR LINEAR</Name_array>
        <technique_common>
          <accessor source="#Armature_Arm_L_pose_matrix-interpolation-array" count="2" stride="1">
            <param name="INTERPOLATION" type="name"/>
          </accessor>
        </technique_common>
      </source>
      <sampler id="Armature_Arm_L_pose_matrix-sampler">
        <input semantic="INPUT" source="#Armature_Arm_L_pose_matrix-input"/>
        <input semantic="OUTPUT" source="#Armature_Arm_L_pose_matrix-output"/>
        <input semantic="INTERPOLATION" source="#Armature_Arm_L_pose_matrix-interpolation"/>
      </sampler>
      <channel source="#Armature_Arm_L_pose_matrix-sampler" target="Arm_L/transform"/>
    </animation>
    <animation id="Armature_Hand_L_pose_matrix">
      <source id="Armature_Hand_L_pose_matrix-input">
        <float_array id="Armature_Hand_L_pose_matrix-input-array" count="2">0 3.333333</float_array>
        <technique_common>
          <accessor source="#Armature_Hand_L_pose_matrix-input-array" count="2" stride="1">
            <param name="TIME" type="float"/>
          </accessor>
        </technique_common>
      </source>
      <source id="Armature_Hand_L_pose_matrix-output">
        <float_array id="Armature_Hand_L_pose_matrix-output-array" count="32">0.982768 -0.04444274 -0.1794213 -4.76837e-7 0.04517609 0.9989791 -1.08033e-7 2.07441 0.1792381 -0.008105472 0.9837723 0 0 0 0 1 0.982768 -0.04444274 -0.1794213 -4.76837e-7 0.04517609 0.9989791 -1.08033e-7 2.07441 0.1792381 -0.008105472 0.9837723 0 0 0 0 1</float_array>
        <technique_common>
          <accessor source="#Armature_Hand_L_pose_matrix-output-array" count="2" stride="16">
            <param name="TRANSFORM" type="float4x4"/>
          </accessor>
        </technique_common>
      </source>
      <source id="Armature_Hand_L_pose_matrix-interpolation">
        <Name_array id="Armature_Hand_L_pose_matrix-interpolation-array" count="2">LINEAR LINEAR</Name_array>
        <technique_common>
          <accessor source="#Armature_Hand_L_pose_matrix-interpolation-array" count="2" stride="1">
            <param name="INTERPOLATION" type="name"/>
          </accessor>
        </technique_common>
      </source>
      <sampler id="Armature_Hand_L_pose_matrix-sampler">
        <input semantic="INPUT" source="#Armature_Hand_L_pose_matrix-input"/>
        <input semantic="OUTPUT" source="#Armature_Hand_L_pose_matrix-output"/>
        <input semantic="INTERPOLATION" source="#Armature_Hand_L_pose_matrix-interpolation"/>
      </sampler>
      <channel source="#Armature_Hand_L_pose_matrix-sampler" target="Hand_L/transform"/>
    </animation>
    <animation id="Armature_Head_pose_matrix">
      <source id="Armature_Head_pose_matrix-input">
        <float_array id="Armature_Head_pose_matrix-input-array" count="2">0 3.333333</float_array>
        <technique_common>
          <accessor source="#Armature_Head_pose_matrix-input-array" count="2" stride="1">
            <param name="TIME" type="float"/>
          </accessor>
        </technique_common>
      </source>
      <source id="Armature_Head_pose_matrix-output">
        <float_array id="Armature_Head_pose_matrix-output-array" count="32">0.9999998 -3.72529e-9 -3.43425e-9 0 3.72529e-9 1 7.45058e-9 1.862338 5.82077e-10 -5.58794e-9 0.9999998 -1.39698e-8 0 0 0 1 0.9999998 -3.72529e-9 -3.43425e-9 0.00999999 3.72529e-9 1 7.45058e-9 1.862338 5.82077e-10 -5.58794e-9 0.9999998 -1.02445e-8 0 0 0 1</float_array>
        <technique_common>
          <accessor source="#Armature_Head_pose_matrix-output-array" count="2" stride="16">
            <param name="TRANSFORM" type="float4x4"/>
          </accessor>
        </technique_common>
      </source>
      <source id="Armature_Head_pose_matrix-interpolation">
        <Name_array id="Armature_Head_pose_matrix-interpolation-array" count="2">LINEAR LINEAR</Name_array>
        <technique_common>
          <accessor source="#Armature_Head_pose_matrix-interpolation-array" count="2" stride="1">
            <param name="INTERPOLATION" type="name"/>
          </accessor>
        </technique_common>
      </source>
      <sampler id="Armature_Head_pose_matrix-sampler">
        <input semantic="INPUT" source="#Armature_Head_pose_matrix-input"/>
        <input semantic="OUTPUT" source="#Armature_Head_pose_matrix-output"/>
        <input semantic="INTERPOLATION" source="#Armature_Head_pose_matrix-interpolation"/>
      </sampler>
      <channel source="#Armature_Head_pose_matrix-sampler" target="Head/transform"/>
    </animation>
    <animation id="Armature_Leg_R_pose_matrix">
      <source id="Armature_Leg_R_pose_matrix-input">
        <float_array id="Armature_Leg_R_pose_matrix-input-array" count="2">0 3.333333</float_array>
        <technique_common>
          <accessor source="#Armature_Leg_R_pose_matrix-input-array" count="2" stride="1">
            <param name="TIME" type="float"/>
          </accessor>
        </technique_common>
      </source>
      <source id="Armature_Leg_R_pose_matrix-output">
        <float_array id="Armature_Leg_R_pose_matrix-output-array" count="32">-0.8875964 -0.3742653 0.2685118 -0.4006687 0.3582323 -0.9273214 -0.108371 -0.4430385 0.2895564 -2.51457e-8 0.9571609 -3.46452e-7 0 0 0 1 -0.8875964 -0.3742653 0.2685118 -0.4095446 0.3582323 -0.9273214 -0.108371 -0.4394562 0.2895564 -2.51457e-8 0.9571609 0.002895214 0 0 0 1</float_array>
        <technique_common>
          <accessor source="#Armature_Leg_R_pose_matrix-output-array" count="2" stride="16">
            <param name="TRANSFORM" type="float4x4"/>
          </accessor>
        </technique_common>
      </source>
      <source id="Armature_Leg_R_pose_matrix-interpolation">
        <Name_array id="Armature_Leg_R_pose_matrix-interpolation-array" count="2">LINEAR LINEAR</Name_array>
        <technique_common>
          <accessor source="#Armature_Leg_R_pose_matrix-interpolation-array" count="2" stride="1">
            <param name="INTERPOLATION" type="name"/>
          </accessor>
        </technique_common>
      </source>
      <sampler id="Armature_Leg_R_pose_matrix-sampler">
        <input semantic="INPUT" source="#Armature_Leg_R_pose_matrix-input"/>
        <input semantic="OUTPUT" source="#Armature_Leg_R_pose_matrix-output"/>
        <input semantic="INTERPOLATION" source="#Armature_Leg_R_pose_matrix-interpolation"/>
      </sampler>
      <channel source="#Armature_Leg_R_pose_matrix-sampler" target="Leg_R/transform"/>
    </animation>
    <animation id="Armature_Calf_R_pose_matrix">
      <source id="Armature_Calf_R_pose_matrix-input">
        <float_array id="Armature_Calf_R_pose_matrix-input-array" count="2">0 3.333333</float_array>
        <technique_common>
          <accessor source="#Armature_Calf_R_pose_matrix-input-array" count="2" stride="1">
            <param name="TIME" type="float"/>
          </accessor>
        </technique_common>
      </source>
      <source id="Armature_Calf_R_pose_matrix-output">
        <float_array id="Armature_Calf_R_pose_matrix-output-array" count="32">-0.8875967 -0.384631 -0.2534401 1.19209e-7 -0.3742656 0.9229476 -0.08995505 1.441585 0.2685118 0.01501011 -0.9631596 0 0 0 0 1 -0.8875967 -0.384631 -0.2534401 1.19209e-7 -0.3742656 0.9229476 -0.08995505 1.441585 0.2685118 0.01501011 -0.9631596 0 0 0 0 1</float_array>
        <technique_common>
          <accessor source="#Armature_Calf_R_pose_matrix-output-array" count="2" stride="16">
            <param name="TRANSFORM" type="float4x4"/>
          </accessor>
        </technique_common>
      </source>
      <source id="Armature_Calf_R_pose_matrix-interpolation">
        <Name_array id="Armature_Calf_R_pose_matrix-interpolation-array" count="2">LINEAR LINEAR</Name_array>
        <technique_common>
          <accessor source="#Armature_Calf_R_pose_matrix-interpolation-array" count="2" stride="1">
            <param name="INTERPOLATION" type="name"/>
          </accessor>
        </technique_common>
      </source>
      <sampler id="Armature_Calf_R_pose_matrix-sampler">
        <input semantic="INPUT" source="#Armature_Calf_R_pose_matrix-input"/>
        <input semantic="OUTPUT" source="#Armature_Calf_R_pose_matrix-output"/>
        <input semantic="INTERPOLATION" source="#Armature_Calf_R_pose_matrix-interpolation"/>
      </sampler>
      <channel source="#Armature_Calf_R_pose_matrix-sampler" target="Calf_R/transform"/>
    </animation>
    <animation id="Armature_Foot_R_pose_matrix">
      <source id="Armature_Foot_R_pose_matrix-input">
        <float_array id="Armature_Foot_R_pose_matrix-input-array" count="2">0 3.333333</float_array>
        <technique_common>
          <accessor source="#Armature_Foot_R_pose_matrix-input-array" count="2" stride="1">
            <param name="TIME" type="float"/>
          </accessor>
        </technique_common>
      </source>
      <source id="Armature_Foot_R_pose_matrix-output">
        <float_array id="Armature_Foot_R_pose_matrix-output-array" count="32">-1 -5.59537e-8 3.08278e-6 0 -3.06446e-6 -0.02647206 -0.9996495 1.373583 1.34639e-7 -0.9996496 0.02647211 2.98023e-8 0 0 0 1 -1 -5.59537e-8 3.08278e-6 0 -3.06446e-6 -0.02647206 -0.9996495 1.373583 1.34639e-7 -0.9996496 0.02647211 2.98023e-8 0 0 0 1</float_array>
        <technique_common>
          <accessor source="#Armature_Foot_R_pose_matrix-output-array" count="2" stride="16">
            <param name="TRANSFORM" type="float4x4"/>
          </accessor>
        </technique_common>
      </source>
      <source id="Armature_Foot_R_pose_matrix-interpolation">
        <Name_array id="Armature_Foot_R_pose_matrix-interpolation-array" count="2">LINEAR LINEAR</Name_array>
        <technique_common>
          <accessor source="#Armature_Foot_R_pose_matrix-interpolation-array" count="2" stride="1">
            <param name="INTERPOLATION" type="name"/>
          </accessor>
        </technique_common>
      </source>
      <sampler id="Armature_Foot_R_pose_matrix-sampler">
        <input semantic="INPUT" source="#Armature_Foot_R_pose_matrix-input"/>
        <input semantic="OUTPUT" source="#Armature_Foot_R_pose_matrix-output"/>
        <input semantic="INTERPOLATION" source="#Armature_Foot_R_pose_matrix-interpolation"/>
      </sampler>
      <channel source="#Armature_Foot_R_pose_matrix-sampler" target="Foot_R/transform"/>
    </animation>
    <animation id="Armature_Leg_L_pose_matrix">
      <source id="Armature_Leg_L_pose_matrix-input">
        <float_array id="Armature_Leg_L_pose_matrix-input-array" count="2">0 3.333333</float_array>
        <technique_common>
          <accessor source="#Armature_Leg_L_pose_matrix-input-array" count="2" stride="1">
            <param name="TIME" type="float"/>
          </accessor>
        </technique_common>
      </source>
      <source id="Armature_Leg_L_pose_matrix-output">
        <float_array id="Armature_Leg_L_pose_matrix-output-array" count="32">-0.1640055 0.3742654 -0.9127035 0.4006687 -0.06619253 -0.9273216 -0.3683656 -0.4430385 -0.9842356 2.79397e-9 0.1768595 -3.46452e-7 0 0 0 1 -0.1640055 0.3742654 -0.9127035 0.3990287 -0.06619253 -0.9273216 -0.3683656 -0.4437003 -0.9842356 2.79397e-9 0.1768595 -0.009842701 0 0 0 1</float_array>
        <technique_common>
          <accessor source="#Armature_Leg_L_pose_matrix-output-array" count="2" stride="16">
            <param name="TRANSFORM" type="float4x4"/>
          </accessor>
        </technique_common>
      </source>
      <source id="Armature_Leg_L_pose_matrix-interpolation">
        <Name_array id="Armature_Leg_L_pose_matrix-interpolation-array" count="2">LINEAR LINEAR</Name_array>
        <technique_common>
          <accessor source="#Armature_Leg_L_pose_matrix-interpolation-array" count="2" stride="1">
            <param name="INTERPOLATION" type="name"/>
          </accessor>
        </technique_common>
      </source>
      <sampler id="Armature_Leg_L_pose_matrix-sampler">
        <input semantic="INPUT" source="#Armature_Leg_L_pose_matrix-input"/>
        <input semantic="OUTPUT" source="#Armature_Leg_L_pose_matrix-output"/>
        <input semantic="INTERPOLATION" source="#Armature_Leg_L_pose_matrix-interpolation"/>
      </sampler>
      <channel source="#Armature_Leg_L_pose_matrix-sampler" target="Leg_L/transform"/>
    </animation>
    <animation id="Armature_Calf_L_pose_matrix">
      <source id="Armature_Calf_L_pose_matrix-input">
        <float_array id="Armature_Calf_L_pose_matrix-input-array" count="2">0 3.333333</float_array>
        <technique_common>
          <accessor source="#Armature_Calf_L_pose_matrix-input-array" count="2" stride="1">
            <param name="TIME" type="float"/>
          </accessor>
        </technique_common>
      </source>
      <source id="Armature_Calf_L_pose_matrix-output">
        <float_array id="Armature_Calf_L_pose_matrix-output-array" count="32">-0.1640057 0.1613564 0.9731728 2.98023e-8 0.3742654 0.9229481 -0.08995514 1.441585 -0.9127033 0.349472 -0.2117588 1.19209e-7 0 0 0 1 -0.1640057 0.1613564 0.9731728 2.98023e-8 0.3742654 0.9229481 -0.08995514 1.441585 -0.9127033 0.349472 -0.2117588 1.19209e-7 0 0 0 1</float_array>
        <technique_common>
          <accessor source="#Armature_Calf_L_pose_matrix-output-array" count="2" stride="16">
            <param name="TRANSFORM" type="float4x4"/>
          </accessor>
        </technique_common>
      </source>
      <source id="Armature_Calf_L_pose_matrix-interpolation">
        <Name_array id="Armature_Calf_L_pose_matrix-interpolation-array" count="2">LINEAR LINEAR</Name_array>
        <technique_common>
          <accessor source="#Armature_Calf_L_pose_matrix-interpolation-array" count="2" stride="1">
            <param name="INTERPOLATION" type="name"/>
          </accessor>
        </technique_common>
      </source>
      <sampler id="Armature_Calf_L_pose_matrix-sampler">
        <input semantic="INPUT" source="#Armature_Calf_L_pose_matrix-input"/>
        <input semantic="OUTPUT" source="#Armature_Calf_L_pose_matrix-output"/>
        <input semantic="INTERPOLATION" source="#Armature_Calf_L_pose_matrix-interpolation"/>
      </sampler>
      <channel source="#Armature_Calf_L_pose_matrix-sampler" target="Calf_L/transform"/>
    </animation>
    <animation id="Armature_Foot_L_pose_matrix">
      <source id="Armature_Foot_L_pose_matrix-input">
        <float_array id="Armature_Foot_L_pose_matrix-input-array" count="2">0 3.333333</float_array>
        <technique_common>
          <accessor source="#Armature_Foot_L_pose_matrix-input-array" count="2" stride="1">
            <param name="TIME" type="float"/>
          </accessor>
        </technique_common>
      </source>
      <source id="Armature_Foot_L_pose_matrix-output">
        <float_array id="Armature_Foot_L_pose_matrix-output-array" count="32">-1 2.03513e-7 3.07677e-6 0 -3.04419e-6 -0.02647197 -0.9996496 1.373583 -1.25498e-7 -0.9996496 0.02647194 1.49012e-8 0 0 0 1 -1 2.03513e-7 3.07677e-6 0 -3.04419e-6 -0.02647197 -0.9996496 1.373583 -1.25498e-7 -0.9996496 0.02647194 1.49012e-8 0 0 0 1</float_array>
        <technique_common>
          <accessor source="#Armature_Foot_L_pose_matrix-output-array" count="2" stride="16">
            <param name="TRANSFORM" type="float4x4"/>
          </accessor>
        </technique_common>
      </source>
      <source id="Armature_Foot_L_pose_matrix-interpolation">
        <Name_array id="Armature_Foot_L_pose_matrix-interpolation-array" count="2">LINEAR LINEAR</Name_array>
        <technique_common>
          <accessor source="#Armature_Foot_L_pose_matrix-interpolation-array" count="2" stride="1">
            <param name="INTERPOLATION" type="name"/>
          </accessor>
        </technique_common>
      </source>
      <sampler id="Armature_Foot_L_pose_matrix-sampler">
        <input semantic="INPUT" source="#Armature_Foot_L_pose_matrix-input"/>
        <input semantic="OUTPUT" source="#Armature_Foot_L_pose_matrix-output"/>
        <input semantic="INTERPOLATION" source="#Armature_Foot_L_pose_matrix-interpolation"/>
      </sampler>
      <channel source="#Armature_Foot_L_pose_matrix-sampler" target="Foot_L/transform"/>
    </animation>
  </library_animations>
  <library_controllers/>
  <library_visual_scenes>
    <visual_scene id="Scene" name="Scene">
      <node id="Armature" name="Armature" type="NODE">
        <translate sid="location">0 0 0</translate>
        <rotate sid="rotationZ">0 0 1 0</rotate>
        <rotate sid="rotationY">0 1 0 0</rotate>
        <rotate sid="rotationX">1 0 0 0</rotate>
        <scale sid="scale">1 1 1</scale>
        <node id="Root" name="Root" sid="Root" type="JOINT">
          <matrix sid="transform">1 0 0 1.78814e-7 0 0 -1 0.03949894 0 1 0 3.350116 0 0 0 1</matrix>
          <node id="Chest" name="Chest" sid="Chest" type="JOINT">
            <matrix sid="transform">1 -7.10543e-15 0 -1.42109e-14 3.55271e-15 1 -6.23644e-9 1.5 0 6.23644e-9 1 7.45058e-9 0 0 0 1</matrix>
            <node id="Shoulder_R" name="Shoulder.R" sid="Shoulder_R" type="JOINT">
              <matrix sid="transform">-0.5352274 -0.559577 0.6327757 -1.23755 0.3613764 -0.8287784 -0.4272395 1.410514 0.7635041 -2.07753e-7 0.6458029 -3.68804e-7 0 0 0 1</matrix>
              <node id="Arm_R" name="Arm.R" sid="Arm_R" type="JOINT">
                <matrix sid="transform">-0.5515659 -0.3368276 -0.7631004 2.38419e-7 -0.5215646 0.8532114 3.83031e-4 1.734341 0.6509569 0.398217 -0.6462798 0 0 0 0 1</matrix>
                <node id="Hand_R" name="Hand.R" sid="Hand_R" type="JOINT">
                  <matrix sid="transform">0.9989787 0.045176 7.33419e-4 0 -0.04517618 0.9989789 -1.6499e-7 2.074412 -7.32679e-4 -3.29678e-5 0.9999997 3.72529e-9 0 0 0 1</matrix>
                </node>
              </node>
            </node>
            <node id="Shoulder_L" name="Shoulder.L" sid="Shoulder_L" type="JOINT">
              <matrix sid="transform">0.2971785 0.5595772 -0.7736653 1.23755 0.2006497 -0.828778 -0.5223661 1.410514 -0.9335008 5.22884e-9 -0.3585742 -3.68804e-7 0 0 0 1</matrix>
              <node id="Arm_L" name="Arm.L" sid="Arm_L" type="JOINT">
                <matrix sid="transform">0.133485 -0.1870198 0.9732447 -1.19209e-7 0.5131011 0.8532111 0.09357989 1.734339 -0.847885 0.4868815 0.2098511 0 0 0 0 1</matrix>
                <node id="Hand_L" name="Hand.L" sid="Hand_L" type="JOINT">
                  <matrix sid="transform">0.982768 -0.04444273 -0.1794213 2.38419e-7 0.04517589 0.9989789 -1.6746e-8 2.07441 0.1792381 -0.008105497 0.9837723 0 0 0 0 1</matrix>
                </node>
              </node>
            </node>
            <node id="Head" name="Head" sid="Head" type="JOINT">
              <matrix sid="transform">1 3.55271e-15 0 1.42109e-14 -3.55271e-15 1 6.51926e-9 1.862337 0 -6.80208e-9 1 -1.49012e-8 0 0 0 1</matrix>
            </node>
          </node>
          <node id="Leg_R" name="Leg.R" sid="Leg_R" type="JOINT">
            <matrix sid="transform">-0.8875964 -0.3742655 0.2685118 -0.4006687 0.3582323 -0.9273217 -0.108371 -0.4430385 0.2895564 -2.47346e-8 0.957161 -3.50177e-7 0 0 0 1</matrix>
            <node id="Calf_R" name="Calf.R" sid="Calf_R" type="JOINT">
              <matrix sid="transform">-0.8875961 -0.3846312 -0.2534401 -1.19209e-7 -0.3742654 0.9229478 -0.08995506 1.441585 0.2685117 0.01501013 -0.9631595 0 0 0 0 1</matrix>
              <node id="Foot_R" name="Foot.R" sid="Foot_R" type="JOINT">
                <matrix sid="transform">-1 -5.18629e-8 3.07327e-6 -5.96046e-8 -3.06447e-6 -0.02647205 -0.9996495 1.373583 1.34674e-7 -0.9996494 0.02647211 0 0 0 0 1</matrix>
              </node>
            </node>
          </node>
          <node id="Leg_L" name="Leg.L" sid="Leg_L" type="JOINT">
            <matrix sid="transform">-0.1640055 0.3742654 -0.9127035 0.4006687 -0.06619254 -0.9273216 -0.3683655 -0.4430385 -0.9842358 2.7422e-9 0.1768595 -3.50177e-7 0 0 0 1</matrix>
            <node id="Calf_L" name="Calf.L" sid="Calf_L" type="JOINT">
              <matrix sid="transform">-0.1640057 0.1613564 0.9731733 0 0.3742655 0.9229482 -0.08995517 1.441585 -0.9127034 0.3494721 -0.2117589 1.19209e-7 0 0 0 1</matrix>
              <node id="Foot_L" name="Foot.L" sid="Foot_L" type="JOINT">
                <matrix sid="transform">-1 2.01991e-7 3.03013e-6 0 -3.04443e-6 -0.02647197 -0.9996496 1.373583 -1.24324e-7 -0.9996497 0.02647196 0 0 0 0 1</matrix>
              </node>
            </node>
          </node>
        </node>
      </node>
    </visual_scene>
  </library_visual_scenes>
  <scene>
    <instance_visual_scene url="#Scene"/>
  </scene>
</COLLADA>