<?xml version="1.0" encoding="utf-8"?>
<COLLADA xmlns="http://www.collada.org/2005/11/COLLADASchema" version="1.4.1">
  <asset>
    <contributor>
      <author>Blender User</author>
      <authoring_tool>Blender 2.77.0 commit date:2016-04-05, commit time:18:12, hash:abf6f08</authoring_tool>
    </contributor>
    <created>2017-05-11T21:15:45</created>
    <modified>2017-05-11T21:15:45</modified>
    <unit name="meter" meter="1"/>
    <up_axis>Z_UP</up_axis>
  </asset>
  <library_images/>
  <library_animations>
    <animation id="Armature_Root_pose_matrix">
      <source id="Armature_Root_pose_matrix-input">
        <float_array id="Armature_Root_pose_matrix-input-array" count="2">0 0.2083333</float_array>
        <technique_common>
          <accessor source="#Armature_Root_pose_matrix-input-array" count="2" stride="1">
            <param name="TIME" type="float"/>
          </accessor>
        </technique_common>
      </source>
      <source id="Armature_Root_pose_matrix-output">
        <float_array id="Armature_Root_pose_matrix-output-array" count="32">1 0 0 1.78814e-7 0 0 -1 0.03949894 0 1 0 3.350116 0 0 0 1 1 0 0 1.78814e-7 0 0 -1 0.03949894 0 1 0 3.350116 0 0 0 1</float_array>
        <technique_common>
          <accessor source="#Armature_Root_pose_matrix-output-array" count="2" stride="16">
            <param name="TRANSFORM" type="float4x4"/>
          </accessor>
        </technique_common>
      </source>
      <source id="Armature_Root_pose_matrix-interpolation">
        <Name_array id="Armature_Root_pose_matrix-interpolation-array" count="2">LINEAR LINEAR</Name_array>
        <technique_common>
          <accessor source="#Armature_Root_pose_matrix-interpolation-array" count="2" stride="1">
            <param name="INTERPOLATION" type="name"/>
          </accessor>
        </technique_common>
      </source>
      <sampler id="Armature_Root_pose_matrix-sampler">
        <input semantic="INPUT" source="#Armature_Root_pose_matrix-input"/>
        <input semantic="OUTPUT" source="#Armature_Root_pose_matrix-output"/>
        <input semantic="INTERPOLATION" source="#Armature_Root_pose_matrix-interpolation"/>
      </sampler>
      <channel source="#Armature_Root_pose_matrix-sampler" target="Root/transform"/>
    </animation>
    <animation id="Armature_Chest_pose_matrix">
      <source id="Armature_Chest_pose_matrix-input">
        <float_array id="Armature_Chest_pose_matrix-input-array" count="2">0 0.2083333</float_array>
        <technique_common>
          <accessor source="#Armature_Chest_pose_matrix-input-array" count="2" stride="1">
            <param name="TIME" type="float"/>
          </accessor>
        </technique_common>
      </source>
      <source id="Armature_Chest_pose_matrix-output">
        <float_array id="Armature_Chest_pose_matrix-output-array" count="32">1 0 0 0 0 0.9919196 -0.1268677 1.5 0 0.1268677 0.9919196 3.72529e-9 0 0 0 1 1 0 0 0 0 0.9919196 -0.1268677 1.5 0 0.1268677 0.9919196 3.72529e-9 0 0 0 1</float_array>
        <technique_common>
          <accessor source="#Armature_Chest_pose_matrix-output-array" count="2" stride="16">
            <param name="TRANSFORM" type="float4x4"/>
          </accessor>
        </technique_common>
      </source>
      <source id="Armature_Chest_pose_matrix-interpolation">
        <Name_array id="Armature_Chest_pose_matrix-interpolation-array" count="2">LINEAR LINEAR</Name_array>
        <technique_common>
          <accessor source="#Armature_Chest_pose_matrix-interpolation-array" count="2" stride="1">
            <param name="INTERPOLATION" type="name"/>
          </accessor>
        </technique_common>
      </source>
      <sampler id="Armature_Chest_pose_matrix-sampler">
        <input semantic="INPUT" source="#Armature_Chest_pose_matrix-input"/>
        <input semantic="OUTPUT" source="#Armature_Chest_pose_matrix-output"/>
        <input semantic="INTERPOLATION" source="#Armature_Chest_pose_matrix-interpolation"/>
      </sampler>
      <channel source="#Armature_Chest_pose_matrix-sampler" target="Chest/transform"/>
    </animation>
    <animation id="Armature_Shoulder_R_pose_matrix">
      <source id="Armature_Shoulder_R_pose_matrix-input">
        <float_array id="Armature_Shoulder_R_pose_matrix-input-array" count="2">0 0.2083333</float_array>
        <technique_common>
          <accessor source="#Armature_Shoulder_R_pose_matrix-input-array" count="2" stride="1">
            <param name="TIME" type="float"/>
          </accessor>
        </technique_common>
      </source>
      <source id="Armature_Shoulder_R_pose_matrix-output">
        <float_array id="Armature_Shoulder_R_pose_matrix-output-array" count="32">-0.6161008 -0.12804 0.7771903 -1.237549 0.7144274 -0.5063318 0.4829302 1.410514 0.3316813 0.8527797 0.4034271 -3.57628e-7 0 0 0 1 -0.6161008 -0.12804 0.7771903 -1.237549 0.7144274 -0.5063318 0.4829302 1.410514 0.3316813 0.8527797 0.4034271 -3.57628e-7 0 0 0 1</float_array>
        <technique_common>
          <accessor source="#Armature_Shoulder_R_pose_matrix-output-array" count="2" stride="16">
            <param name="TRANSFORM" type="float4x4"/>
          </accessor>
        </technique_common>
      </source>
      <source id="Armature_Shoulder_R_pose_matrix-interpolation">
        <Name_array id="Armature_Shoulder_R_pose_matrix-interpolation-array" count="2">LINEAR LINEAR</Name_array>
        <technique_common>
          <accessor source="#Armature_Shoulder_R_pose_matrix-interpolation-array" count="2" stride="1">
            <param name="INTERPOLATION" type="name"/>
          </accessor>
        </technique_common>
      </source>
      <sampler id="Armature_Shoulder_R_pose_matrix-sampler">
        <input semantic="INPUT" source="#Armature_Shoulder_R_pose_matrix-input"/>
        <input semantic="OUTPUT" source="#Armature_Shoulder_R_pose_matrix-output"/>
        <input semantic="INTERPOLATION" source="#Armature_Shoulder_R_pose_matrix-interpolation"/>
      </sampler>
      <channel source="#Armature_Shoulder_R_pose_matrix-sampler" target="Shoulder_R/transform"/>
    </animation>
    <animation id="Armature_Arm_R_pose_matrix">
      <source id="Armature_Arm_R_pose_matrix-input">
        <float_array id="Armature_Arm_R_pose_matrix-input-array" count="2">0 0.2083333</float_array>
        <technique_common>
          <accessor source="#Armature_Arm_R_pose_matrix-input-array" count="2" stride="1">
            <param name="TIME" type="float"/>
          </accessor>
        </technique_common>
      </source>
      <source id="Armature_Arm_R_pose_matrix-output">
        <float_array id="Armature_Arm_R_pose_matrix-output-array" count="32">-0.8195744 0.1562623 -0.5512531 -0.003986835 -0.3711936 0.5880987 0.7185784 1.7329 0.4364779 0.7935503 -0.4239868 0.007669926 0 0 0 1 -0.8195744 0.1562623 -0.5512531 -0.003986835 -0.3711936 0.5880987 0.7185784 1.7329 0.4364779 0.7935503 -0.4239868 0.007669926 0 0 0 1</float_array>
        <technique_common>
          <accessor source="#Armature_Arm_R_pose_matrix-output-array" count="2" stride="16">
            <param name="TRANSFORM" type="float4x4"/>
          </accessor>
        </technique_common>
      </source>
      <source id="Armature_Arm_R_pose_matrix-interpolation">
        <Name_array id="Armature_Arm_R_pose_matrix-interpolation-array" count="2">LINEAR LINEAR</Name_array>
        <technique_common>
          <accessor source="#Armature_Arm_R_pose_matrix-interpolation-array" count="2" stride="1">
            <param name="INTERPOLATION" type="name"/>
          </accessor>
        </technique_common>
      </source>
      <sampler id="Armature_Arm_R_pose_matrix-sampler">
        <input semantic="INPUT" source="#Armature_Arm_R_pose_matrix-input"/>
        <input semantic="OUTPUT" source="#Armature_Arm_R_pose_matrix-output"/>
        <input semantic="INTERPOLATION" source="#Armature_Arm_R_pose_matrix-interpolation"/>
      </sampler>
      <channel source="#Armature_Arm_R_pose_matrix-sampler" target="Arm_R/transform"/>
    </animation>
    <animation id="Armature_Hand_R_pose_matrix">
      <source id="Armature_Hand_R_pose_matrix-input">
        <float_array id="Armature_Hand_R_pose_matrix-input-array" count="2">0 0.2083333</float_array>
        <technique_common>
          <accessor source="#Armature_Hand_R_pose_matrix-input-array" count="2" stride="1">
            <param name="TIME" type="float"/>
          </accessor>
        </technique_common>
      </source>
      <source id="Armature_Hand_R_pose_matrix-output">
        <float_array id="Armature_Hand_R_pose_matrix-output-array" count="32">0.9989786 0.04517597 7.33316e-4 2.38419e-7 -0.04517588 0.998979 -1.2666e-7 2.074412 -7.3263e-4 -3.29614e-5 0.9999998 4.76837e-7 0 0 0 1 0.9989786 0.04517597 7.33316e-4 2.38419e-7 -0.04517588 0.998979 -1.2666e-7 2.074412 -7.3263e-4 -3.29614e-5 0.9999998 4.76837e-7 0 0 0 1</float_array>
        <technique_common>
          <accessor source="#Armature_Hand_R_pose_matrix-output-array" count="2" stride="16">
            <param name="TRANSFORM" type="float4x4"/>
          </accessor>
        </technique_common>
      </source>
      <source id="Armature_Hand_R_pose_matrix-interpolation">
        <Name_array id="Armature_Hand_R_pose_matrix-interpolation-array" count="2">LINEAR LINEAR</Name_array>
        <technique_common>
          <accessor source="#Armature_Hand_R_pose_matrix-interpolation-array" count="2" stride="1">
            <param name="INTERPOLATION" type="name"/>
          </accessor>
        </technique_common>
      </source>
      <sampler id="Armature_Hand_R_pose_matrix-sampler">
        <input semantic="INPUT" source="#Armature_Hand_R_pose_matrix-input"/>
        <input semantic="OUTPUT" source="#Armature_Hand_R_pose_matrix-output"/>
        <input semantic="INTERPOLATION" source="#Armature_Hand_R_pose_matrix-interpolation"/>
      </sampler>
      <channel source="#Armature_Hand_R_pose_matrix-sampler" target="Hand_R/transform"/>
    </animation>
    <animation id="Armature_Shoulder_L_pose_matrix">
      <source id="Armature_Shoulder_L_pose_matrix-input">
        <float_array id="Armature_Shoulder_L_pose_matrix-input-array" count="2">0 0.2083333</float_array>
        <technique_common>
          <accessor source="#Armature_Shoulder_L_pose_matrix-input-array" count="2" stride="1">
            <param name="TIME" type="float"/>
          </accessor>
        </technique_common>
      </source>
      <source id="Armature_Shoulder_L_pose_matrix-output">
        <float_array id="Armature_Shoulder_L_pose_matrix-output-array" count="32">0.3807785 0.1647994 -0.9098619 1.23755 -0.758763 -0.5066919 -0.4093184 1.410514 -0.5284755 0.8462287 -0.06789406 -3.57628e-7 0 0 0 1 0.3807785 0.1647994 -0.9098619 1.23755 -0.758763 -0.5066919 -0.4093184 1.410514 -0.5284755 0.8462287 -0.06789406 -3.57628e-7 0 0 0 1</float_array>
        <technique_common>
          <accessor source="#Armature_Shoulder_L_pose_matrix-output-array" count="2" stride="16">
            <param name="TRANSFORM" type="float4x4"/>
          </accessor>
        </technique_common>
      </source>
      <source id="Armature_Shoulder_L_pose_matrix-interpolation">
        <Name_array id="Armature_Shoulder_L_pose_matrix-interpolation-array" count="2">LINEAR LINEAR</Name_array>
        <technique_common>
          <accessor source="#Armature_Shoulder_L_pose_matrix-interpolation-array" count="2" stride="1">
            <param name="INTERPOLATION" type="name"/>
          </accessor>
        </technique_common>
      </source>
      <sampler id="Armature_Shoulder_L_pose_matrix-sampler">
        <input semantic="INPUT" source="#Armature_Shoulder_L_pose_matrix-input"/>
        <input semantic="OUTPUT" source="#Armature_Shoulder_L_pose_matrix-output"/>
        <input semantic="INTERPOLATION" source="#Armature_Shoulder_L_pose_matrix-interpolation"/>
      </sampler>
      <channel source="#Armature_Shoulder_L_pose_matrix-sampler" target="Shoulder_L/transform"/>
    </animation>
    <animation id="Armature_Arm_L_pose_matrix">
      <source id="Armature_Arm_L_pose_matrix-input">
        <float_array id="Armature_Arm_L_pose_matrix-input-array" count="2">0 0.2083333</float_array>
        <technique_common>
          <accessor source="#Armature_Arm_L_pose_matrix-input-array" count="2" stride="1">
            <param name="TIME" type="float"/>
          </accessor>
        </technique_common>
      </source>
      <source id="Armature_Arm_L_pose_matrix-output">
        <float_array id="Armature_Arm_L_pose_matrix-output-array" count="32">-0.0908127 -0.778953 0.6204718 -0.001559973 0.243727 0.5867148 0.7722455 1.735732 -0.9655828 0.2213556 0.1365706 0.009125233 0 0 0 1 -0.0908127 -0.778953 0.6204718 -0.001559973 0.243727 0.5867148 0.7722455 1.735732 -0.9655828 0.2213556 0.1365706 0.009125233 0 0 0 1</float_array>
        <technique_common>
          <accessor source="#Armature_Arm_L_pose_matrix-output-array" count="2" stride="16">
            <param name="TRANSFORM" type="float4x4"/>
          </accessor>
        </technique_common>
      </source>
      <source id="Armature_Arm_L_pose_matrix-interpolation">
        <Name_array id="Armature_Arm_L_pose_matrix-interpolation-array" count="2">LINEAR LINEAR</Name_array>
        <technique_common>
          <accessor source="#Armature_Arm_L_pose_matrix-interpolation-array" count="2" stride="1">
            <param name="INTERPOLATION" type="name"/>
          </accessor>
        </technique_common>
      </source>
      <sampler id="Armature_Arm_L_pose_matrix-sampler">
        <input semantic="INPUT" source="#Armature_Arm_L_pose_matrix-input"/>
        <input semantic="OUTPUT" source="#Armature_Arm_L_pose_matrix-output"/>
        <input semantic="INTERPOLATION" source="#Armature_Arm_L_pose_matrix-interpolation"/>
      </sampler>
      <channel source="#Armature_Arm_L_pose_matrix-sampler" target="Arm_L/transform"/>
    </animation>
    <animation id="Armature_Hand_L_pose_matrix">
      <source id="Armature_Hand_L_pose_matrix-input">
        <float_array id="Armature_Hand_L_pose_matrix-input-array" count="2">0 0.2083333</float_array>
        <technique_common>
          <accessor source="#Armature_Hand_L_pose_matrix-input-array" count="2" stride="1">
            <param name="TIME" type="float"/>
          </accessor>
        </technique_common>
      </source>
      <source id="Armature_Hand_L_pose_matrix-output">
        <float_array id="Armature_Hand_L_pose_matrix-output-array" count="32">0.9827682 -0.0444429 -0.1794211 2.38419e-7 0.04517602 0.9989789 1.49012e-8 2.074412 0.1792375 -0.008105449 0.9837723 -4.76837e-7 0 0 0 1 0.9827682 -0.0444429 -0.1794211 2.38419e-7 0.04517602 0.9989789 1.49012e-8 2.074412 0.1792375 -0.008105449 0.9837723 -4.76837e-7 0 0 0 1</float_array>
        <technique_common>
          <accessor source="#Armature_Hand_L_pose_matrix-output-array" count="2" stride="16">
            <param name="TRANSFORM" type="float4x4"/>
          </accessor>
        </technique_common>
      </source>
      <source id="Armature_Hand_L_pose_matrix-interpolation">
        <Name_array id="Armature_Hand_L_pose_matrix-interpolation-array" count="2">LINEAR LINEAR</Name_array>
        <technique_common>
          <accessor source="#Armature_Hand_L_pose_matrix-interpolation-array" count="2" stride="1">
            <param name="INTERPOLATION" type="name"/>
          </accessor>
        </technique_common>
      </source>
      <sampler id="Armature_Hand_L_pose_matrix-sampler">
        <input semantic="INPUT" source="#Armature_Hand_L_pose_matrix-input"/>
        <input semantic="OUTPUT" source="#Armature_Hand_L_pose_matrix-output"/>
        <input semantic="INTERPOLATION" source="#Armature_Hand_L_pose_matrix-interpolation"/>
      </sampler>
      <channel source="#Armature_Hand_L_pose_matrix-sampler" target="Hand_L/transform"/>
    </animation>
    <animation id="Armature_Head_pose_matrix">
      <source id="Armature_Head_pose_matrix-input">
        <float_array id="Armature_Head_pose_matrix-input-array" count="2">0 0.2083333</float_array>
        <technique_common>
          <accessor source="#Armature_Head_pose_matrix-input-array" count="2" stride="1">
            <param name="TIME" type="float"/>
          </accessor>
        </technique_common>
      </source>
      <source id="Armature_Head_pose_matrix-output">
        <float_array id="Armature_Head_pose_matrix-output-array" count="32">1 0 0 1.42109e-14 0 1 -1.49012e-8 1.862337 0 0 0.9999999 5.96046e-8 0 0 0 1 1 0 0 1.42109e-14 0 1 -1.49012e-8 1.862337 0 0 0.9999999 5.96046e-8 0 0 0 1</float_array>
        <technique_common>
          <accessor source="#Armature_Head_pose_matrix-output-array" count="2" stride="16">
            <param name="TRANSFORM" type="float4x4"/>
          </accessor>
        </technique_common>
      </source>
      <source id="Armature_Head_pose_matrix-interpolation">
        <Name_array id="Armature_Head_pose_matrix-interpolation-array" count="2">LINEAR LINEAR</Name_array>
        <technique_common>
          <accessor source="#Armature_Head_pose_matrix-interpolation-array" count="2" stride="1">
            <param name="INTERPOLATION" type="name"/>
          </accessor>
        </technique_common>
      </source>
      <sampler id="Armature_Head_pose_matrix-sampler">
        <input semantic="INPUT" source="#Armature_Head_pose_matrix-input"/>
        <input semantic="OUTPUT" source="#Armature_Head_pose_matrix-output"/>
        <input semantic="INTERPOLATION" source="#Armature_Head_pose_matrix-interpolation"/>
      </sampler>
      <channel source="#Armature_Head_pose_matrix-sampler" target="Head/transform"/>
    </animation>
    <animation id="Armature_Leg_R_pose_matrix">
      <source id="Armature_Leg_R_pose_matrix-input">
        <float_array id="Armature_Leg_R_pose_matrix-input-array" count="2">0 0.2083333</float_array>
        <technique_common>
          <accessor source="#Armature_Leg_R_pose_matrix-input-array" count="2" stride="1">
            <param name="TIME" type="float"/>
          </accessor>
        </technique_common>
      </source>
      <source id="Armature_Leg_R_pose_matrix-output">
        <float_array id="Armature_Leg_R_pose_matrix-output-array" count="32">-0.9177654 -0.3276217 0.2244329 -0.4006687 0.3455213 -0.9373501 0.04460736 -0.4430382 0.1957577 0.1184854 0.9734681 -3.53903e-7 0 0 0 1 -0.9177654 -0.3276217 0.2244329 -0.4006687 0.3455213 -0.9373501 0.04460736 -0.4430382 0.1957577 0.1184854 0.9734681 -3.53903e-7 0 0 0 1</float_array>
        <technique_common>
          <accessor source="#Armature_Leg_R_pose_matrix-output-array" count="2" stride="16">
            <param name="TRANSFORM" type="float4x4"/>
          </accessor>
        </technique_common>
      </source>
      <source id="Armature_Leg_R_pose_matrix-interpolation">
        <Name_array id="Armature_Leg_R_pose_matrix-interpolation-array" count="2">LINEAR LINEAR</Name_array>
        <technique_common>
          <accessor source="#Armature_Leg_R_pose_matrix-interpolation-array" count="2" stride="1">
            <param name="INTERPOLATION" type="name"/>
          </accessor>
        </technique_common>
      </source>
      <sampler id="Armature_Leg_R_pose_matrix-sampler">
        <input semantic="INPUT" source="#Armature_Leg_R_pose_matrix-input"/>
        <input semantic="OUTPUT" source="#Armature_Leg_R_pose_matrix-output"/>
        <input semantic="INTERPOLATION" source="#Armature_Leg_R_pose_matrix-interpolation"/>
      </sampler>
      <channel source="#Armature_Leg_R_pose_matrix-sampler" target="Leg_R/transform"/>
    </animation>
    <animation id="Armature_Calf_R_pose_matrix">
      <source id="Armature_Calf_R_pose_matrix-input">
        <float_array id="Armature_Calf_R_pose_matrix-input-array" count="2">0 0.2083333</float_array>
        <technique_common>
          <accessor source="#Armature_Calf_R_pose_matrix-input-array" count="2" stride="1">
            <param name="TIME" type="float"/>
          </accessor>
        </technique_common>
      </source>
      <source id="Armature_Calf_R_pose_matrix-output">
        <float_array id="Armature_Calf_R_pose_matrix-output-array" count="32">-0.7736161 -0.5994787 -0.2052886 -0.003570437 -0.5762384 0.8003301 -0.1655908 1.441826 0.263567 -0.009808589 -0.9645914 4.50293e-5 0 0 0 1 -0.7736161 -0.5994787 -0.2052886 -0.003570437 -0.5762384 0.8003301 -0.1655908 1.441826 0.263567 -0.009808589 -0.9645914 4.50293e-5 0 0 0 1</float_array>
        <technique_common>
          <accessor source="#Armature_Calf_R_pose_matrix-output-array" count="2" stride="16">
            <param name="TRANSFORM" type="float4x4"/>
          </accessor>
        </technique_common>
      </source>
      <source id="Armature_Calf_R_pose_matrix-interpolation">
        <Name_array id="Armature_Calf_R_pose_matrix-interpolation-array" count="2">LINEAR LINEAR</Name_array>
        <technique_common>
          <accessor source="#Armature_Calf_R_pose_matrix-interpolation-array" count="2" stride="1">
            <param name="INTERPOLATION" type="name"/>
          </accessor>
        </technique_common>
      </source>
      <sampler id="Armature_Calf_R_pose_matrix-sampler">
        <input semantic="INPUT" source="#Armature_Calf_R_pose_matrix-input"/>
        <input semantic="OUTPUT" source="#Armature_Calf_R_pose_matrix-output"/>
        <input semantic="INTERPOLATION" source="#Armature_Calf_R_pose_matrix-interpolation"/>
      </sampler>
      <channel source="#Armature_Calf_R_pose_matrix-sampler" target="Calf_R/transform"/>
    </animation>
    <animation id="Armature_Foot_R_pose_matrix">
      <source id="Armature_Foot_R_pose_matrix-input">
        <float_array id="Armature_Foot_R_pose_matrix-input-array" count="2">0 0.2083333</float_array>
        <technique_common>
          <accessor source="#Armature_Foot_R_pose_matrix-input-array" count="2" stride="1">
            <param name="TIME" type="float"/>
          </accessor>
        </technique_common>
      </source>
      <source id="Armature_Foot_R_pose_matrix-output">
        <float_array id="Armature_Foot_R_pose_matrix-output-array" count="32">-0.9993078 0.03656453 0.006839275 1.19209e-7 -0.002992183 0.1042509 -0.9945466 1.373583 -0.03707812 -0.9938784 -0.1040693 7.45058e-9 0 0 0 1 -0.9993078 0.03656453 0.006839275 1.19209e-7 -0.002992183 0.1042509 -0.9945466 1.373583 -0.03707812 -0.9938784 -0.1040693 7.45058e-9 0 0 0 1</float_array>
        <technique_common>
          <accessor source="#Armature_Foot_R_pose_matrix-output-array" count="2" stride="16">
            <param name="TRANSFORM" type="float4x4"/>
          </accessor>
        </technique_common>
      </source>
      <source id="Armature_Foot_R_pose_matrix-interpolation">
        <Name_array id="Armature_Foot_R_pose_matrix-interpolation-array" count="2">LINEAR LINEAR</Name_array>
        <technique_common>
          <accessor source="#Armature_Foot_R_pose_matrix-interpolation-array" count="2" stride="1">
            <param name="INTERPOLATION" type="name"/>
          </accessor>
        </technique_common>
      </source>
      <sampler id="Armature_Foot_R_pose_matrix-sampler">
        <input semantic="INPUT" source="#Armature_Foot_R_pose_matrix-input"/>
        <input semantic="OUTPUT" source="#Armature_Foot_R_pose_matrix-output"/>
        <input semantic="INTERPOLATION" source="#Armature_Foot_R_pose_matrix-interpolation"/>
      </sampler>
      <channel source="#Armature_Foot_R_pose_matrix-sampler" target="Foot_R/transform"/>
    </animation>
    <animation id="Armature_Leg_L_pose_matrix">
      <source id="Armature_Leg_L_pose_matrix-input">
        <float_array id="Armature_Leg_L_pose_matrix-input-array" count="2">0 0.2083333</float_array>
        <technique_common>
          <accessor source="#Armature_Leg_L_pose_matrix-input-array" count="2" stride="1">
            <param name="TIME" type="float"/>
          </accessor>
        </technique_common>
      </source>
      <source id="Armature_Leg_L_pose_matrix-output">
        <float_array id="Armature_Leg_L_pose_matrix-output-array" count="32">-0.2207702 0.3012356 -0.9276409 0.4006687 -0.1927611 -0.9458243 -0.2612649 -0.4430382 -0.9560872 0.1211334 0.2668764 -3.53903e-7 0 0 0 1 -0.2207702 0.3012356 -0.9276409 0.4006687 -0.1927611 -0.9458243 -0.2612649 -0.4430382 -0.9560872 0.1211334 0.2668764 -3.53903e-7 0 0 0 1</float_array>
        <technique_common>
          <accessor source="#Armature_Leg_L_pose_matrix-output-array" count="2" stride="16">
            <param name="TRANSFORM" type="float4x4"/>
          </accessor>
        </technique_common>
      </source>
      <source id="Armature_Leg_L_pose_matrix-interpolation">
        <Name_array id="Armature_Leg_L_pose_matrix-interpolation-array" count="2">LINEAR LINEAR</Name_array>
        <technique_common>
          <accessor source="#Armature_Leg_L_pose_matrix-interpolation-array" count="2" stride="1">
            <param name="INTERPOLATION" type="name"/>
          </accessor>
        </technique_common>
      </source>
      <sampler id="Armature_Leg_L_pose_matrix-sampler">
        <input semantic="INPUT" source="#Armature_Leg_L_pose_matrix-input"/>
        <input semantic="OUTPUT" source="#Armature_Leg_L_pose_matrix-output"/>
        <input semantic="INTERPOLATION" source="#Armature_Leg_L_pose_matrix-interpolation"/>
      </sampler>
      <channel source="#Armature_Leg_L_pose_matrix-sampler" target="Leg_L/transform"/>
    </animation>
    <animation id="Armature_Calf_L_pose_matrix">
      <source id="Armature_Calf_L_pose_matrix-input">
        <float_array id="Armature_Calf_L_pose_matrix-input-array" count="2">0 0.2083333</float_array>
        <technique_common>
          <accessor source="#Armature_Calf_L_pose_matrix-input-array" count="2" stride="1">
            <param name="TIME" type="float"/>
          </accessor>
        </technique_common>
      </source>
      <source id="Armature_Calf_L_pose_matrix-output">
        <float_array id="Armature_Calf_L_pose_matrix-output-array" count="32">-0.1204434 0.2809313 0.9521402 -3.9351e-4 0.5770353 0.8002626 -0.1631258 1.441336 -0.8077894 0.529771 -0.2584936 0.003502846 0 0 0 1 -0.1204434 0.2809313 0.9521402 -3.9351e-4 0.5770353 0.8002626 -0.1631258 1.441336 -0.8077894 0.529771 -0.2584936 0.003502846 0 0 0 1</float_array>
        <technique_common>
          <accessor source="#Armature_Calf_L_pose_matrix-output-array" count="2" stride="16">
            <param name="TRANSFORM" type="float4x4"/>
          </accessor>
        </technique_common>
      </source>
      <source id="Armature_Calf_L_pose_matrix-interpolation">
        <Name_array id="Armature_Calf_L_pose_matrix-interpolation-array" count="2">LINEAR LINEAR</Name_array>
        <technique_common>
          <accessor source="#Armature_Calf_L_pose_matrix-interpolation-array" count="2" stride="1">
            <param name="INTERPOLATION" type="name"/>
          </accessor>
        </technique_common>
      </source>
      <sampler id="Armature_Calf_L_pose_matrix-sampler">
        <input semantic="INPUT" source="#Armature_Calf_L_pose_matrix-input"/>
        <input semantic="OUTPUT" source="#Armature_Calf_L_pose_matrix-output"/>
        <input semantic="INTERPOLATION" source="#Armature_Calf_L_pose_matrix-interpolation"/>
      </sampler>
      <channel source="#Armature_Calf_L_pose_matrix-sampler" target="Calf_L/transform"/>
    </animation>
    <animation id="Armature_Foot_L_pose_matrix">
      <source id="Armature_Foot_L_pose_matrix-input">
        <float_array id="Armature_Foot_L_pose_matrix-input-array" count="2">0 0.2083333</float_array>
        <technique_common>
          <accessor source="#Armature_Foot_L_pose_matrix-input-array" count="2" stride="1">
            <param name="TIME" type="float"/>
          </accessor>
        </technique_common>
      </source>
      <source id="Armature_Foot_L_pose_matrix-output">
        <float_array id="Armature_Foot_L_pose_matrix-output-array" count="32">-0.9995461 -0.02961003 -0.005560875 -8.9407e-8 0.00239113 0.1060269 -0.9943603 1.373583 0.03003263 -0.9939221 -0.1059078 0 0 0 0 1 -0.9995461 -0.02961003 -0.005560875 -8.9407e-8 0.00239113 0.1060269 -0.9943603 1.373583 0.03003263 -0.9939221 -0.1059078 0 0 0 0 1</float_array>
        <technique_common>
          <accessor source="#Armature_Foot_L_pose_matrix-output-array" count="2" stride="16">
            <param name="TRANSFORM" type="float4x4"/>
          </accessor>
        </technique_common>
      </source>
      <source id="Armature_Foot_L_pose_matrix-interpolation">
        <Name_array id="Armature_Foot_L_pose_matrix-interpolation-array" count="2">LINEAR LINEAR</Name_array>
        <technique_common>
          <accessor source="#Armature_Foot_L_pose_matrix-interpolation-array" count="2" stride="1">
            <param name="INTERPOLATION" type="name"/>
          </accessor>
        </technique_common>
      </source>
      <sampler id="Armature_Foot_L_pose_matrix-sampler">
        <input semantic="INPUT" source="#Armature_Foot_L_pose_matrix-input"/>
        <input semantic="OUTPUT" source="#Armature_Foot_L_pose_matrix-output"/>
        <input semantic="INTERPOLATION" source="#Armature_Foot_L_pose_matrix-interpolation"/>
      </sampler>
      <channel source="#Armature_Foot_L_pose_matrix-sampler" target="Foot_L/transform"/>
    </animation>
  </library_animations>
  <library_controllers/>
  <library_visual_scenes>
    <visual_scene id="Scene" name="Scene">
      <node id="Armature" name="Armature" type="NODE">
        <translate sid="location">0 0 0</translate>
        <rotate sid="rotationZ">0 0 1 0</rotate>
        <rotate sid="rotationY">0 1 0 0</rotate>
        <rotate sid="rotationX">1 0 0 0</rotate>
        <scale sid="scale">1 1 1</scale>
        <node id="Root" name="Root" sid="Root" type="JOINT">
          <matrix sid="transform">1 0 0 1.78814e-7 0 0 -1 0.03949894 0 1 0 3.350116 0 0 0 1</matrix>
          <node id="Chest" name="Chest" sid="Chest" type="JOINT">
            <matrix sid="transform">1 0 0 0 0 1 -9.31323e-10 1.5 0 1.86265e-9 1 3.72529e-9 0 0 0 1</matrix>
            <node id="Shoulder_R" name="Shoulder.R" sid="Shoulder_R" type="JOINT">
              <matrix sid="transform">-0.5302184 -0.5637429 0.6332943 -1.23755 0.361895 -0.8259502 -0.4322478 1.410514 0.7667458 4.93807e-10 0.6419502 -3.61353e-7 0 0 0 1</matrix>
              <node id="Arm_R" name="Arm.R" sid="Arm_R" type="JOINT">
                <matrix sid="transform">-0.5465879 -0.3375724 -0.7663461 -0.005606174 -0.5258542 0.8505746 3.85417e-4 1.734319 0.6517043 0.4031969 -0.6424276 0.006695509 0 0 0 1</matrix>
                <node id="Hand_R" name="Hand.R" sid="Hand_R" type="JOINT">
                  <matrix sid="transform">0.9989787 0.04517593 7.33255e-4 -2.38419e-7 -0.04517607 0.9989789 -1.27939e-7 2.074412 -7.3251e-4 -3.29982e-5 0.9999998 0 0 0 0 1</matrix>
                </node>
              </node>
            </node>
            <node id="Shoulder_L" name="Shoulder.L" sid="Shoulder_L" type="JOINT">
              <matrix sid="transform">0.3000427 0.5637428 -0.7695246 1.23755 0.2047903 -0.8259501 -0.5252302 1.410514 -0.9316833 -3.00818e-8 -0.3632697 -3.61353e-7 0 0 0 1</matrix>
              <node id="Arm_L" name="Arm.L" sid="Arm_L" type="JOINT">
                <matrix sid="transform">0.1368099 -0.191027 0.9720041 -0.00317204 0.5173206 0.8505748 0.09434948 1.734318 -0.8447855 0.48993 0.2151893 0.008135319 0 0 0 1</matrix>
                <node id="Hand_L" name="Hand.L" sid="Hand_L" type="JOINT">
                  <matrix sid="transform">0.982768 -0.04444284 -0.1794212 0 0.04517607 0.9989789 1.31075e-8 2.074411 0.179238 -0.008105549 0.9837725 2.98023e-8 0 0 0 1</matrix>
                </node>
              </node>
            </node>
            <node id="Head" name="Head" sid="Head" type="JOINT">
              <matrix sid="transform">1 0 0 0 0 1 9.31323e-10 1.862337 0 -9.31323e-10 1 -3.72529e-9 0 0 0 1</matrix>
            </node>
          </node>
          <node id="Leg_R" name="Leg.R" sid="Leg_R" type="JOINT">
            <matrix sid="transform">-0.8861132 -0.3764514 0.2703461 -0.4006687 0.3600665 -0.9264364 -0.1098534 -0.4430382 0.2918128 -1.68807e-9 0.9564754 -3.53903e-7 0 0 0 1</matrix>
            <node id="Calf_R" name="Calf.R" sid="Calf_R" type="JOINT">
              <matrix sid="transform">-0.8861135 -0.3866758 -0.2555082 -0.003251791 -0.3764515 0.9220668 -0.08986935 1.441581 0.270346 0.01655201 -0.962621 9.9206e-4 0 0 0 1</matrix>
              <node id="Foot_R" name="Foot.R" sid="Foot_R" type="JOINT">
                <matrix sid="transform">-1 -1.79106e-7 2.9945e-6 0 -2.95149e-6 -0.02647217 -0.9996496 1.373583 2.57083e-7 -0.9996493 0.02647225 -2.98023e-8 0 0 0 1</matrix>
              </node>
            </node>
          </node>
          <node id="Leg_L" name="Leg.L" sid="Leg_L" type="JOINT">
            <matrix sid="transform">-0.1616978 0.3764514 -0.912216 0.4006687 -0.065705 -0.9264363 -0.370673 -0.4430382 -0.9846501 -1.0134e-9 0.1745376 -3.53903e-7 0 0 0 1</matrix>
            <node id="Calf_L" name="Calf.L" sid="Calf_L" type="JOINT">
              <matrix sid="transform">-0.1616979 0.1609115 0.9736331 5.93394e-4 0.3764515 0.9220671 -0.08986941 1.441581 -0.912216 0.3519938 -0.2096717 0.003347754 0 0 0 1</matrix>
              <node id="Foot_L" name="Foot.L" sid="Foot_L" type="JOINT">
                <matrix sid="transform">-1 9.73788e-8 2.85863e-6 5.96046e-8 -2.91014e-6 -0.0264721 -0.9996496 1.373583 -2.3796e-8 -0.9996494 0.02647223 -1.49012e-8 0 0 0 1</matrix>
              </node>
            </node>
          </node>
        </node>
      </node>
    </visual_scene>
  </library_visual_scenes>
  <scene>
    <instance_visual_scene url="#Scene"/>
  </scene>
</COLLADA>