<?xml version="1.0" encoding="utf-8"?>
<COLLADA xmlns="http://www.collada.org/2005/11/COLLADASchema" version="1.4.1">
  <asset>
    <contributor>
      <author>Blender User</author>
      <authoring_tool>Blender 2.77.0 commit date:2016-04-05, commit time:18:12, hash:abf6f08</authoring_tool>
    </contributor>
    <created>2019-03-04T20:00:14</created>
    <modified>2019-03-04T20:00:14</modified>
    <unit name="meter" meter="1"/>
    <up_axis>Z_UP</up_axis>
  </asset>
  <library_images/>
  <library_animations>
    <animation id="Armature_Root_pose_matrix">
      <source id="Armature_Root_pose_matrix-input">
        <float_array id="Armature_Root_pose_matrix-input-array" count="2">0 0.4166666</float_array>
        <technique_common>
          <accessor source="#Armature_Root_pose_matrix-input-array" count="2" stride="1">
            <param name="TIME" type="float"/>
          </accessor>
        </technique_common>
      </source>
      <source id="Armature_Root_pose_matrix-output">
        <float_array id="Armature_Root_pose_matrix-output-array" count="32">1 0 0 1.78814e-7 0 0 -1 0.03949894 0 1 0 3.350116 0 0 0 1 1 0 0 1.78814e-7 0 0 -1 0.03949894 0 1 0 1.837646 0 0 0 1</float_array>
        <technique_common>
          <accessor source="#Armature_Root_pose_matrix-output-array" count="2" stride="16">
            <param name="TRANSFORM" type="float4x4"/>
          </accessor>
        </technique_common>
      </source>
      <source id="Armature_Root_pose_matrix-interpolation">
        <Name_array id="Armature_Root_pose_matrix-interpolation-array" count="2">LINEAR LINEAR</Name_array>
        <technique_common>
          <accessor source="#Armature_Root_pose_matrix-interpolation-array" count="2" stride="1">
            <param name="INTERPOLATION" type="name"/>
          </accessor>
        </technique_common>
      </source>
      <sampler id="Armature_Root_pose_matrix-sampler">
        <input semantic="INPUT" source="#Armature_Root_pose_matrix-input"/>
        <input semantic="OUTPUT" source="#Armature_Root_pose_matrix-output"/>
        <input semantic="INTERPOLATION" source="#Armature_Root_pose_matrix-interpolation"/>
      </sampler>
      <channel source="#Armature_Root_pose_matrix-sampler" target="Root/transform"/>
    </animation>
    <animation id="Armature_Chest_pose_matrix">
      <source id="Armature_Chest_pose_matrix-input">
        <float_array id="Armature_Chest_pose_matrix-input-array" count="2">0 0.4166666</float_array>
        <technique_common>
          <accessor source="#Armature_Chest_pose_matrix-input-array" count="2" stride="1">
            <param name="TIME" type="float"/>
          </accessor>
        </technique_common>
      </source>
      <source id="Armature_Chest_pose_matrix-output">
        <float_array id="Armature_Chest_pose_matrix-output-array" count="32">1 -3.55271e-15 0 0 3.55271e-15 1 -6.23644e-9 1.5 0 6.23644e-9 1 3.72529e-9 0 0 0 1 0.9718722 -3.55271e-15 0.2355087 0 1.46874e-9 1 -6.06102e-9 1.5 -0.2355087 6.23644e-9 0.9718722 3.72529e-9 0 0 0 1</float_array>
        <technique_common>
          <accessor source="#Armature_Chest_pose_matrix-output-array" count="2" stride="16">
            <param name="TRANSFORM" type="float4x4"/>
          </accessor>
        </technique_common>
      </source>
      <source id="Armature_Chest_pose_matrix-interpolation">
        <Name_array id="Armature_Chest_pose_matrix-interpolation-array" count="2">LINEAR LINEAR</Name_array>
        <technique_common>
          <accessor source="#Armature_Chest_pose_matrix-interpolation-array" count="2" stride="1">
            <param name="INTERPOLATION" type="name"/>
          </accessor>
        </technique_common>
      </source>
      <sampler id="Armature_Chest_pose_matrix-sampler">
        <input semantic="INPUT" source="#Armature_Chest_pose_matrix-input"/>
        <input semantic="OUTPUT" source="#Armature_Chest_pose_matrix-output"/>
        <input semantic="INTERPOLATION" source="#Armature_Chest_pose_matrix-interpolation"/>
      </sampler>
      <channel source="#Armature_Chest_pose_matrix-sampler" target="Chest/transform"/>
    </animation>
    <animation id="Armature_Shoulder_R_pose_matrix">
      <source id="Armature_Shoulder_R_pose_matrix-input">
        <float_array id="Armature_Shoulder_R_pose_matrix-input-array" count="2">0 0.4166666</float_array>
        <technique_common>
          <accessor source="#Armature_Shoulder_R_pose_matrix-input-array" count="2" stride="1">
            <param name="TIME" type="float"/>
          </accessor>
        </technique_common>
      </source>
      <source id="Armature_Shoulder_R_pose_matrix-output">
        <float_array id="Armature_Shoulder_R_pose_matrix-output-array" count="32">-0.5352274 -0.559577 0.6327757 -1.23755 0.3613764 -0.8287784 -0.4272395 1.410514 0.763504 -2.18114e-7 0.6458029 -3.39001e-7 0 0 0 1 -0.4259546 -0.2744823 0.8621033 -1.1728 0.7103687 -0.6915694 0.1307978 1.148304 0.5603024 0.6681249 0.489561 -0.2847858 0 0 0 1</float_array>
        <technique_common>
          <accessor source="#Armature_Shoulder_R_pose_matrix-output-array" count="2" stride="16">
            <param name="TRANSFORM" type="float4x4"/>
          </accessor>
        </technique_common>
      </source>
      <source id="Armature_Shoulder_R_pose_matrix-interpolation">
        <Name_array id="Armature_Shoulder_R_pose_matrix-interpolation-array" count="2">LINEAR LINEAR</Name_array>
        <technique_common>
          <accessor source="#Armature_Shoulder_R_pose_matrix-interpolation-array" count="2" stride="1">
            <param name="INTERPOLATION" type="name"/>
          </accessor>
        </technique_common>
      </source>
      <sampler id="Armature_Shoulder_R_pose_matrix-sampler">
        <input semantic="INPUT" source="#Armature_Shoulder_R_pose_matrix-input"/>
        <input semantic="OUTPUT" source="#Armature_Shoulder_R_pose_matrix-output"/>
        <input semantic="INTERPOLATION" source="#Armature_Shoulder_R_pose_matrix-interpolation"/>
      </sampler>
      <channel source="#Armature_Shoulder_R_pose_matrix-sampler" target="Shoulder_R/transform"/>
    </animation>
    <animation id="Armature_Arm_R_pose_matrix">
      <source id="Armature_Arm_R_pose_matrix-input">
        <float_array id="Armature_Arm_R_pose_matrix-input-array" count="2">0 0.4166666</float_array>
        <technique_common>
          <accessor source="#Armature_Arm_R_pose_matrix-input-array" count="2" stride="1">
            <param name="TIME" type="float"/>
          </accessor>
        </technique_common>
      </source>
      <source id="Armature_Arm_R_pose_matrix-output">
        <float_array id="Armature_Arm_R_pose_matrix-output-array" count="32">-0.551566 -0.3368276 -0.7631003 0 -0.5215645 0.8532114 3.82811e-4 1.734341 0.6509571 0.3982171 -0.6462801 0 0 0 0 1 -0.7190858 0.5837313 0.3770588 0 0.1650345 -0.3836199 0.9086248 1.734341 0.6750398 0.7156072 0.1795198 0 0 0 0 1</float_array>
        <technique_common>
          <accessor source="#Armature_Arm_R_pose_matrix-output-array" count="2" stride="16">
            <param name="TRANSFORM" type="float4x4"/>
          </accessor>
        </technique_common>
      </source>
      <source id="Armature_Arm_R_pose_matrix-interpolation">
        <Name_array id="Armature_Arm_R_pose_matrix-interpolation-array" count="2">LINEAR LINEAR</Name_array>
        <technique_common>
          <accessor source="#Armature_Arm_R_pose_matrix-interpolation-array" count="2" stride="1">
            <param name="INTERPOLATION" type="name"/>
          </accessor>
        </technique_common>
      </source>
      <sampler id="Armature_Arm_R_pose_matrix-sampler">
        <input semantic="INPUT" source="#Armature_Arm_R_pose_matrix-input"/>
        <input semantic="OUTPUT" source="#Armature_Arm_R_pose_matrix-output"/>
        <input semantic="INTERPOLATION" source="#Armature_Arm_R_pose_matrix-interpolation"/>
      </sampler>
      <channel source="#Armature_Arm_R_pose_matrix-sampler" target="Arm_R/transform"/>
    </animation>
    <animation id="Armature_Hand_R_pose_matrix">
      <source id="Armature_Hand_R_pose_matrix-input">
        <float_array id="Armature_Hand_R_pose_matrix-input-array" count="2">0 0.4166666</float_array>
        <technique_common>
          <accessor source="#Armature_Hand_R_pose_matrix-input-array" count="2" stride="1">
            <param name="TIME" type="float"/>
          </accessor>
        </technique_common>
      </source>
      <source id="Armature_Hand_R_pose_matrix-output">
        <float_array id="Armature_Hand_R_pose_matrix-output-array" count="32">0.9989787 0.04517606 7.33435e-4 2.38419e-7 -0.04517606 0.9989791 -1.78814e-7 2.074411 -7.3272e-4 -3.29912e-5 0.9999997 8.19564e-8 0 0 0 1 0.9989787 0.04517606 7.33435e-4 2.38419e-7 -0.04517606 0.9989791 -1.78814e-7 2.074411 -7.3272e-4 -3.29912e-5 0.9999997 8.19564e-8 0 0 0 1</float_array>
        <technique_common>
          <accessor source="#Armature_Hand_R_pose_matrix-output-array" count="2" stride="16">
            <param name="TRANSFORM" type="float4x4"/>
          </accessor>
        </technique_common>
      </source>
      <source id="Armature_Hand_R_pose_matrix-interpolation">
        <Name_array id="Armature_Hand_R_pose_matrix-interpolation-array" count="2">LINEAR LINEAR</Name_array>
        <technique_common>
          <accessor source="#Armature_Hand_R_pose_matrix-interpolation-array" count="2" stride="1">
            <param name="INTERPOLATION" type="name"/>
          </accessor>
        </technique_common>
      </source>
      <sampler id="Armature_Hand_R_pose_matrix-sampler">
        <input semantic="INPUT" source="#Armature_Hand_R_pose_matrix-input"/>
        <input semantic="OUTPUT" source="#Armature_Hand_R_pose_matrix-output"/>
        <input semantic="INTERPOLATION" source="#Armature_Hand_R_pose_matrix-interpolation"/>
      </sampler>
      <channel source="#Armature_Hand_R_pose_matrix-sampler" target="Hand_R/transform"/>
    </animation>
    <animation id="Armature_Shoulder_L_pose_matrix">
      <source id="Armature_Shoulder_L_pose_matrix-input">
        <float_array id="Armature_Shoulder_L_pose_matrix-input-array" count="2">0 0.4166666</float_array>
        <technique_common>
          <accessor source="#Armature_Shoulder_L_pose_matrix-input-array" count="2" stride="1">
            <param name="TIME" type="float"/>
          </accessor>
        </technique_common>
      </source>
      <source id="Armature_Shoulder_L_pose_matrix-output">
        <float_array id="Armature_Shoulder_L_pose_matrix-output-array" count="32">0.2971784 0.5595772 -0.7736654 1.23755 0.2006497 -0.828778 -0.5223661 1.410514 -0.9335008 5.40302e-9 -0.3585742 -3.53903e-7 0 0 0 1 0.9839165 0.05590196 -0.1696558 1.177819 -0.1076056 -0.5726117 -0.812734 1.673346 -0.1425802 0.8179179 -0.557387 0.285306 0 0 0 1</float_array>
        <technique_common>
          <accessor source="#Armature_Shoulder_L_pose_matrix-output-array" count="2" stride="16">
            <param name="TRANSFORM" type="float4x4"/>
          </accessor>
        </technique_common>
      </source>
      <source id="Armature_Shoulder_L_pose_matrix-interpolation">
        <Name_array id="Armature_Shoulder_L_pose_matrix-interpolation-array" count="2">LINEAR LINEAR</Name_array>
        <technique_common>
          <accessor source="#Armature_Shoulder_L_pose_matrix-interpolation-array" count="2" stride="1">
            <param name="INTERPOLATION" type="name"/>
          </accessor>
        </technique_common>
      </source>
      <sampler id="Armature_Shoulder_L_pose_matrix-sampler">
        <input semantic="INPUT" source="#Armature_Shoulder_L_pose_matrix-input"/>
        <input semantic="OUTPUT" source="#Armature_Shoulder_L_pose_matrix-output"/>
        <input semantic="INTERPOLATION" source="#Armature_Shoulder_L_pose_matrix-interpolation"/>
      </sampler>
      <channel source="#Armature_Shoulder_L_pose_matrix-sampler" target="Shoulder_L/transform"/>
    </animation>
    <animation id="Armature_Arm_L_pose_matrix">
      <source id="Armature_Arm_L_pose_matrix-input">
        <float_array id="Armature_Arm_L_pose_matrix-input-array" count="2">0 0.4166666</float_array>
        <technique_common>
          <accessor source="#Armature_Arm_L_pose_matrix-input-array" count="2" stride="1">
            <param name="TIME" type="float"/>
          </accessor>
        </technique_common>
      </source>
      <source id="Armature_Arm_L_pose_matrix-output">
        <float_array id="Armature_Arm_L_pose_matrix-output-array" count="32">0.133485 -0.1870198 0.9732448 5.96046e-8 0.5131015 0.8532113 0.09358007 1.73434 -0.8478847 0.4868816 0.2098513 4.76837e-7 0 0 0 1 0.7811792 -0.6234496 0.03270867 5.96046e-8 -0.2889172 -0.3145743 0.9041957 1.73434 -0.5534307 -0.715789 -0.4258641 4.76837e-7 0 0 0 1</float_array>
        <technique_common>
          <accessor source="#Armature_Arm_L_pose_matrix-output-array" count="2" stride="16">
            <param name="TRANSFORM" type="float4x4"/>
          </accessor>
        </technique_common>
      </source>
      <source id="Armature_Arm_L_pose_matrix-interpolation">
        <Name_array id="Armature_Arm_L_pose_matrix-interpolation-array" count="2">LINEAR LINEAR</Name_array>
        <technique_common>
          <accessor source="#Armature_Arm_L_pose_matrix-interpolation-array" count="2" stride="1">
            <param name="INTERPOLATION" type="name"/>
          </accessor>
        </technique_common>
      </source>
      <sampler id="Armature_Arm_L_pose_matrix-sampler">
        <input semantic="INPUT" source="#Armature_Arm_L_pose_matrix-input"/>
        <input semantic="OUTPUT" source="#Armature_Arm_L_pose_matrix-output"/>
        <input semantic="INTERPOLATION" source="#Armature_Arm_L_pose_matrix-interpolation"/>
      </sampler>
      <channel source="#Armature_Arm_L_pose_matrix-sampler" target="Arm_L/transform"/>
    </animation>
    <animation id="Armature_Hand_L_pose_matrix">
      <source id="Armature_Hand_L_pose_matrix-input">
        <float_array id="Armature_Hand_L_pose_matrix-input-array" count="2">0 0.4166666</float_array>
        <technique_common>
          <accessor source="#Armature_Hand_L_pose_matrix-input-array" count="2" stride="1">
            <param name="TIME" type="float"/>
          </accessor>
        </technique_common>
      </source>
      <source id="Armature_Hand_L_pose_matrix-output">
        <float_array id="Armature_Hand_L_pose_matrix-output-array" count="32">0.9827681 -0.04444277 -0.1794213 0 0.04517585 0.998979 -1.49012e-8 2.07441 0.1792382 -0.008105546 0.9837723 1.19209e-7 0 0 0 1 0.9827681 -0.04444277 -0.1794213 0 0.04517585 0.998979 -1.49012e-8 2.07441 0.1792382 -0.008105546 0.9837723 1.19209e-7 0 0 0 1</float_array>
        <technique_common>
          <accessor source="#Armature_Hand_L_pose_matrix-output-array" count="2" stride="16">
            <param name="TRANSFORM" type="float4x4"/>
          </accessor>
        </technique_common>
      </source>
      <source id="Armature_Hand_L_pose_matrix-interpolation">
        <Name_array id="Armature_Hand_L_pose_matrix-interpolation-array" count="2">LINEAR LINEAR</Name_array>
        <technique_common>
          <accessor source="#Armature_Hand_L_pose_matrix-interpolation-array" count="2" stride="1">
            <param name="INTERPOLATION" type="name"/>
          </accessor>
        </technique_common>
      </source>
      <sampler id="Armature_Hand_L_pose_matrix-sampler">
        <input semantic="INPUT" source="#Armature_Hand_L_pose_matrix-input"/>
        <input semantic="OUTPUT" source="#Armature_Hand_L_pose_matrix-output"/>
        <input semantic="INTERPOLATION" source="#Armature_Hand_L_pose_matrix-interpolation"/>
      </sampler>
      <channel source="#Armature_Hand_L_pose_matrix-sampler" target="Hand_L/transform"/>
    </animation>
    <animation id="Armature_Head_pose_matrix">
      <source id="Armature_Head_pose_matrix-input">
        <float_array id="Armature_Head_pose_matrix-input-array" count="2">0 0.4166666</float_array>
        <technique_common>
          <accessor source="#Armature_Head_pose_matrix-input-array" count="2" stride="1">
            <param name="TIME" type="float"/>
          </accessor>
        </technique_common>
      </source>
      <source id="Armature_Head_pose_matrix-output">
        <float_array id="Armature_Head_pose_matrix-output-array" count="32">1 -7.1752e-11 1.49012e-8 0 -3.44169e-15 1 6.51926e-9 1.862337 0 -6.97749e-9 1 -1.11759e-8 0 0 0 1 0.9869521 0.1517442 0.05384472 0 -0.1517442 0.7647515 0.6262019 1.862337 0.05384472 -0.6262019 0.7777994 -1.11759e-8 0 0 0 1</float_array>
        <technique_common>
          <accessor source="#Armature_Head_pose_matrix-output-array" count="2" stride="16">
            <param name="TRANSFORM" type="float4x4"/>
          </accessor>
        </technique_common>
      </source>
      <source id="Armature_Head_pose_matrix-interpolation">
        <Name_array id="Armature_Head_pose_matrix-interpolation-array" count="2">LINEAR LINEAR</Name_array>
        <technique_common>
          <accessor source="#Armature_Head_pose_matrix-interpolation-array" count="2" stride="1">
            <param name="INTERPOLATION" type="name"/>
          </accessor>
        </technique_common>
      </source>
      <sampler id="Armature_Head_pose_matrix-sampler">
        <input semantic="INPUT" source="#Armature_Head_pose_matrix-input"/>
        <input semantic="OUTPUT" source="#Armature_Head_pose_matrix-output"/>
        <input semantic="INTERPOLATION" source="#Armature_Head_pose_matrix-interpolation"/>
      </sampler>
      <channel source="#Armature_Head_pose_matrix-sampler" target="Head/transform"/>
    </animation>
    <animation id="Armature_Leg_R_pose_matrix">
      <source id="Armature_Leg_R_pose_matrix-input">
        <float_array id="Armature_Leg_R_pose_matrix-input-array" count="2">0 0.4166666</float_array>
        <technique_common>
          <accessor source="#Armature_Leg_R_pose_matrix-input-array" count="2" stride="1">
            <param name="TIME" type="float"/>
          </accessor>
        </technique_common>
      </source>
      <source id="Armature_Leg_R_pose_matrix-output">
        <float_array id="Armature_Leg_R_pose_matrix-output-array" count="32">-0.8875964 -0.3742655 0.2685118 -0.4006687 0.3582323 -0.9273217 -0.108371 -0.4430382 0.2895564 -2.47346e-8 0.957161 -3.53903e-7 0 0 0 1 -0.8864391 -0.3777668 0.2674296 -0.4018568 0.3802564 -0.2649845 0.8861086 -0.3254422 -0.2638775 0.8871729 0.3785407 0.4167549 0 0 0 1</float_array>
        <technique_common>
          <accessor source="#Armature_Leg_R_pose_matrix-output-array" count="2" stride="16">
            <param name="TRANSFORM" type="float4x4"/>
          </accessor>
        </technique_common>
      </source>
      <source id="Armature_Leg_R_pose_matrix-interpolation">
        <Name_array id="Armature_Leg_R_pose_matrix-interpolation-array" count="2">LINEAR LINEAR</Name_array>
        <technique_common>
          <accessor source="#Armature_Leg_R_pose_matrix-interpolation-array" count="2" stride="1">
            <param name="INTERPOLATION" type="name"/>
          </accessor>
        </technique_common>
      </source>
      <sampler id="Armature_Leg_R_pose_matrix-sampler">
        <input semantic="INPUT" source="#Armature_Leg_R_pose_matrix-input"/>
        <input semantic="OUTPUT" source="#Armature_Leg_R_pose_matrix-output"/>
        <input semantic="INTERPOLATION" source="#Armature_Leg_R_pose_matrix-interpolation"/>
      </sampler>
      <channel source="#Armature_Leg_R_pose_matrix-sampler" target="Leg_R/transform"/>
    </animation>
    <animation id="Armature_Calf_R_pose_matrix">
      <source id="Armature_Calf_R_pose_matrix-input">
        <float_array id="Armature_Calf_R_pose_matrix-input-array" count="2">0 0.4166666</float_array>
        <technique_common>
          <accessor source="#Armature_Calf_R_pose_matrix-input-array" count="2" stride="1">
            <param name="TIME" type="float"/>
          </accessor>
        </technique_common>
      </source>
      <source id="Armature_Calf_R_pose_matrix-output">
        <float_array id="Armature_Calf_R_pose_matrix-output-array" count="32">-0.8875961 -0.3846312 -0.2534403 5.96046e-8 -0.3742653 0.9229478 -0.08995502 1.441585 0.2685117 0.01501015 -0.9631596 0 0 0 0 1 -0.8875961 -0.3452627 0.3049045 5.96046e-8 -0.3742654 0.1547068 -0.9143251 1.441585 0.2685116 -0.9256672 -0.2665371 0 0 0 0 1</float_array>
        <technique_common>
          <accessor source="#Armature_Calf_R_pose_matrix-output-array" count="2" stride="16">
            <param name="TRANSFORM" type="float4x4"/>
          </accessor>
        </technique_common>
      </source>
      <source id="Armature_Calf_R_pose_matrix-interpolation">
        <Name_array id="Armature_Calf_R_pose_matrix-interpolation-array" count="2">LINEAR LINEAR</Name_array>
        <technique_common>
          <accessor source="#Armature_Calf_R_pose_matrix-interpolation-array" count="2" stride="1">
            <param name="INTERPOLATION" type="name"/>
          </accessor>
        </technique_common>
      </source>
      <sampler id="Armature_Calf_R_pose_matrix-sampler">
        <input semantic="INPUT" source="#Armature_Calf_R_pose_matrix-input"/>
        <input semantic="OUTPUT" source="#Armature_Calf_R_pose_matrix-output"/>
        <input semantic="INTERPOLATION" source="#Armature_Calf_R_pose_matrix-interpolation"/>
      </sampler>
      <channel source="#Armature_Calf_R_pose_matrix-sampler" target="Calf_R/transform"/>
    </animation>
    <animation id="Armature_Foot_R_pose_matrix">
      <source id="Armature_Foot_R_pose_matrix-input">
        <float_array id="Armature_Foot_R_pose_matrix-input-array" count="2">0 0.4166666</float_array>
        <technique_common>
          <accessor source="#Armature_Foot_R_pose_matrix-input-array" count="2" stride="1">
            <param name="TIME" type="float"/>
          </accessor>
        </technique_common>
      </source>
      <source id="Armature_Foot_R_pose_matrix-output">
        <float_array id="Armature_Foot_R_pose_matrix-output-array" count="32">-1 1.85355e-8 3.06539e-6 5.96046e-8 -3.0644e-6 -0.02647204 -0.9996495 1.373583 1.34711e-7 -0.9996493 0.02647211 1.19209e-7 0 0 0 1 -1 1.85355e-8 3.06539e-6 5.96046e-8 -3.0644e-6 -0.02647204 -0.9996495 1.373583 1.34711e-7 -0.9996493 0.02647211 1.19209e-7 0 0 0 1</float_array>
        <technique_common>
          <accessor source="#Armature_Foot_R_pose_matrix-output-array" count="2" stride="16">
            <param name="TRANSFORM" type="float4x4"/>
          </accessor>
        </technique_common>
      </source>
      <source id="Armature_Foot_R_pose_matrix-interpolation">
        <Name_array id="Armature_Foot_R_pose_matrix-interpolation-array" count="2">LINEAR LINEAR</Name_array>
        <technique_common>
          <accessor source="#Armature_Foot_R_pose_matrix-interpolation-array" count="2" stride="1">
            <param name="INTERPOLATION" type="name"/>
          </accessor>
        </technique_common>
      </source>
      <sampler id="Armature_Foot_R_pose_matrix-sampler">
        <input semantic="INPUT" source="#Armature_Foot_R_pose_matrix-input"/>
        <input semantic="OUTPUT" source="#Armature_Foot_R_pose_matrix-output"/>
        <input semantic="INTERPOLATION" source="#Armature_Foot_R_pose_matrix-interpolation"/>
      </sampler>
      <channel source="#Armature_Foot_R_pose_matrix-sampler" target="Foot_R/transform"/>
    </animation>
    <animation id="Armature_Leg_L_pose_matrix">
      <source id="Armature_Leg_L_pose_matrix-input">
        <float_array id="Armature_Leg_L_pose_matrix-input-array" count="2">0 0.4166666</float_array>
        <technique_common>
          <accessor source="#Armature_Leg_L_pose_matrix-input-array" count="2" stride="1">
            <param name="TIME" type="float"/>
          </accessor>
        </technique_common>
      </source>
      <source id="Armature_Leg_L_pose_matrix-output">
        <float_array id="Armature_Leg_L_pose_matrix-output-array" count="32">-0.1640055 0.3742654 -0.9127035 0.4006687 -0.06619254 -0.9273216 -0.3683655 -0.4430382 -0.9842358 2.7422e-9 0.1768595 -3.53903e-7 0 0 0 1 -0.227908 0.4699646 -0.8527551 0.4008099 0.3136334 -0.793692 -0.5212361 -0.3620089 -0.921787 -0.3862465 0.03349221 -0.02286487 0 0 0 1</float_array>
        <technique_common>
          <accessor source="#Armature_Leg_L_pose_matrix-output-array" count="2" stride="16">
            <param name="TRANSFORM" type="float4x4"/>
          </accessor>
        </technique_common>
      </source>
      <source id="Armature_Leg_L_pose_matrix-interpolation">
        <Name_array id="Armature_Leg_L_pose_matrix-interpolation-array" count="2">LINEAR LINEAR</Name_array>
        <technique_common>
          <accessor source="#Armature_Leg_L_pose_matrix-interpolation-array" count="2" stride="1">
            <param name="INTERPOLATION" type="name"/>
          </accessor>
        </technique_common>
      </source>
      <sampler id="Armature_Leg_L_pose_matrix-sampler">
        <input semantic="INPUT" source="#Armature_Leg_L_pose_matrix-input"/>
        <input semantic="OUTPUT" source="#Armature_Leg_L_pose_matrix-output"/>
        <input semantic="INTERPOLATION" source="#Armature_Leg_L_pose_matrix-interpolation"/>
      </sampler>
      <channel source="#Armature_Leg_L_pose_matrix-sampler" target="Leg_L/transform"/>
    </animation>
    <animation id="Armature_Calf_L_pose_matrix">
      <source id="Armature_Calf_L_pose_matrix-input">
        <float_array id="Armature_Calf_L_pose_matrix-input-array" count="2">0 0.4166666</float_array>
        <technique_common>
          <accessor source="#Armature_Calf_L_pose_matrix-input-array" count="2" stride="1">
            <param name="TIME" type="float"/>
          </accessor>
        </technique_common>
      </source>
      <source id="Armature_Calf_L_pose_matrix-output">
        <float_array id="Armature_Calf_L_pose_matrix-output-array" count="32">-0.1640057 0.1613564 0.9731734 0 0.3742655 0.9229482 -0.08995515 1.441585 -0.9127034 0.3494721 -0.2117589 2.38419e-7 0 0 0 1 -0.1457138 0.9657737 -0.2145904 0 0.3877041 -0.1438121 -0.9104964 1.441585 -0.910194 -0.2158694 -0.353479 2.38419e-7 0 0 0 1</float_array>
        <technique_common>
          <accessor source="#Armature_Calf_L_pose_matrix-output-array" count="2" stride="16">
            <param name="TRANSFORM" type="float4x4"/>
          </accessor>
        </technique_common>
      </source>
      <source id="Armature_Calf_L_pose_matrix-interpolation">
        <Name_array id="Armature_Calf_L_pose_matrix-interpolation-array" count="2">LINEAR LINEAR</Name_array>
        <technique_common>
          <accessor source="#Armature_Calf_L_pose_matrix-interpolation-array" count="2" stride="1">
            <param name="INTERPOLATION" type="name"/>
          </accessor>
        </technique_common>
      </source>
      <sampler id="Armature_Calf_L_pose_matrix-sampler">
        <input semantic="INPUT" source="#Armature_Calf_L_pose_matrix-input"/>
        <input semantic="OUTPUT" source="#Armature_Calf_L_pose_matrix-output"/>
        <input semantic="INTERPOLATION" source="#Armature_Calf_L_pose_matrix-interpolation"/>
      </sampler>
      <channel source="#Armature_Calf_L_pose_matrix-sampler" target="Calf_L/transform"/>
    </animation>
    <animation id="Armature_Foot_L_pose_matrix">
      <source id="Armature_Foot_L_pose_matrix-input">
        <float_array id="Armature_Foot_L_pose_matrix-input-array" count="2">0 0.4166666</float_array>
        <technique_common>
          <accessor source="#Armature_Foot_L_pose_matrix-input-array" count="2" stride="1">
            <param name="TIME" type="float"/>
          </accessor>
        </technique_common>
      </source>
      <source id="Armature_Foot_L_pose_matrix-output">
        <float_array id="Armature_Foot_L_pose_matrix-output-array" count="32">-1 1.86265e-7 3.04729e-6 1.19209e-7 -3.07709e-6 -0.026472 -0.9996496 1.373583 -1.04308e-7 -0.9996498 0.02647197 5.96046e-8 0 0 0 1 -1 1.86265e-7 3.04729e-6 1.19209e-7 -3.07709e-6 -0.026472 -0.9996496 1.373583 -1.04308e-7 -0.9996498 0.02647197 5.96046e-8 0 0 0 1</float_array>
        <technique_common>
          <accessor source="#Armature_Foot_L_pose_matrix-output-array" count="2" stride="16">
            <param name="TRANSFORM" type="float4x4"/>
          </accessor>
        </technique_common>
      </source>
      <source id="Armature_Foot_L_pose_matrix-interpolation">
        <Name_array id="Armature_Foot_L_pose_matrix-interpolation-array" count="2">LINEAR LINEAR</Name_array>
        <technique_common>
          <accessor source="#Armature_Foot_L_pose_matrix-interpolation-array" count="2" stride="1">
            <param name="INTERPOLATION" type="name"/>
          </accessor>
        </technique_common>
      </source>
      <sampler id="Armature_Foot_L_pose_matrix-sampler">
        <input semantic="INPUT" source="#Armature_Foot_L_pose_matrix-input"/>
        <input semantic="OUTPUT" source="#Armature_Foot_L_pose_matrix-output"/>
        <input semantic="INTERPOLATION" source="#Armature_Foot_L_pose_matrix-interpolation"/>
      </sampler>
      <channel source="#Armature_Foot_L_pose_matrix-sampler" target="Foot_L/transform"/>
    </animation>
  </library_animations>
  <library_controllers/>
  <library_visual_scenes>
    <visual_scene id="Scene" name="Scene">
      <node id="Armature" name="Armature" type="NODE">
        <translate sid="location">0 0 0</translate>
        <rotate sid="rotationZ">0 0 1 0</rotate>
        <rotate sid="rotationY">0 1 0 0</rotate>
        <rotate sid="rotationX">1 0 0 0</rotate>
        <scale sid="scale">1 1 1</scale>
        <node id="Root" name="Root" sid="Root" type="JOINT">
          <matrix sid="transform">1 0 0 1.78814e-7 0 0 -1 0.03949894 0 1 0 3.350116 0 0 0 1</matrix>
          <node id="Chest" name="Chest" sid="Chest" type="JOINT">
            <matrix sid="transform">1 -7.10543e-15 0 -1.42109e-14 3.55271e-15 1 -6.23644e-9 1.5 0 6.23644e-9 1 7.45058e-9 0 0 0 1</matrix>
            <node id="Shoulder_R" name="Shoulder.R" sid="Shoulder_R" type="JOINT">
              <matrix sid="transform">-0.5352274 -0.559577 0.6327757 -1.23755 0.3613764 -0.8287784 -0.4272395 1.410514 0.7635041 -2.07753e-7 0.6458029 -3.68804e-7 0 0 0 1</matrix>
              <node id="Arm_R" name="Arm.R" sid="Arm_R" type="JOINT">
                <matrix sid="transform">-0.5515659 -0.3368276 -0.7631004 2.38419e-7 -0.5215646 0.8532114 3.83031e-4 1.734341 0.6509569 0.398217 -0.6462798 0 0 0 0 1</matrix>
                <node id="Hand_R" name="Hand.R" sid="Hand_R" type="JOINT">
                  <matrix sid="transform">0.9989787 0.045176 7.33419e-4 0 -0.04517618 0.9989789 -1.6499e-7 2.074412 -7.32679e-4 -3.29678e-5 0.9999997 3.72529e-9 0 0 0 1</matrix>
                </node>
              </node>
            </node>
            <node id="Shoulder_L" name="Shoulder.L" sid="Shoulder_L" type="JOINT">
              <matrix sid="transform">0.2971785 0.5595772 -0.7736653 1.23755 0.2006497 -0.828778 -0.5223661 1.410514 -0.9335008 5.22884e-9 -0.3585742 -3.68804e-7 0 0 0 1</matrix>
              <node id="Arm_L" name="Arm.L" sid="Arm_L" type="JOINT">
                <matrix sid="transform">0.133485 -0.1870198 0.9732447 -1.19209e-7 0.5131011 0.8532111 0.09357989 1.734339 -0.847885 0.4868815 0.2098511 0 0 0 0 1</matrix>
                <node id="Hand_L" name="Hand.L" sid="Hand_L" type="JOINT">
                  <matrix sid="transform">0.982768 -0.04444273 -0.1794213 2.38419e-7 0.04517589 0.9989789 -1.6746e-8 2.07441 0.1792381 -0.008105497 0.9837723 0 0 0 0 1</matrix>
                </node>
              </node>
            </node>
            <node id="Head" name="Head" sid="Head" type="JOINT">
              <matrix sid="transform">1 3.55271e-15 0 1.42109e-14 -3.55271e-15 1 6.51926e-9 1.862337 0 -6.80208e-9 1 -1.49012e-8 0 0 0 1</matrix>
            </node>
          </node>
          <node id="Leg_R" name="Leg.R" sid="Leg_R" type="JOINT">
            <matrix sid="transform">-0.8875964 -0.3742655 0.2685118 -0.4006687 0.3582323 -0.9273217 -0.108371 -0.4430385 0.2895564 -2.47346e-8 0.957161 -3.50177e-7 0 0 0 1</matrix>
            <node id="Calf_R" name="Calf.R" sid="Calf_R" type="JOINT">
              <matrix sid="transform">-0.8875961 -0.3846312 -0.2534401 -1.19209e-7 -0.3742654 0.9229478 -0.08995506 1.441585 0.2685117 0.01501013 -0.9631595 0 0 0 0 1</matrix>
              <node id="Foot_R" name="Foot.R" sid="Foot_R" type="JOINT">
                <matrix sid="transform">-1 -5.18629e-8 3.07327e-6 -5.96046e-8 -3.06447e-6 -0.02647205 -0.9996495 1.373583 1.34674e-7 -0.9996494 0.02647211 0 0 0 0 1</matrix>
              </node>
            </node>
          </node>
          <node id="Leg_L" name="Leg.L" sid="Leg_L" type="JOINT">
            <matrix sid="transform">-0.1640055 0.3742654 -0.9127035 0.4006687 -0.06619254 -0.9273216 -0.3683655 -0.4430385 -0.9842358 2.7422e-9 0.1768595 -3.50177e-7 0 0 0 1</matrix>
            <node id="Calf_L" name="Calf.L" sid="Calf_L" type="JOINT">
              <matrix sid="transform">-0.1640057 0.1613564 0.9731733 0 0.3742655 0.9229482 -0.08995517 1.441585 -0.9127034 0.3494721 -0.2117589 1.19209e-7 0 0 0 1</matrix>
              <node id="Foot_L" name="Foot.L" sid="Foot_L" type="JOINT">
                <matrix sid="transform">-1 2.01991e-7 3.03013e-6 0 -3.04443e-6 -0.02647197 -0.9996496 1.373583 -1.24324e-7 -0.9996497 0.02647196 0 0 0 0 1</matrix>
              </node>
            </node>
          </node>
        </node>
      </node>
    </visual_scene>
  </library_visual_scenes>
  <scene>
    <instance_visual_scene url="#Scene"/>
  </scene>
</COLLADA>